500 7000
228 494 19
479 442 6
462 38 31
128 127 10
462 173 9
249 81 17
166 433 29
368 307 27
136 221 2
445 362 22
280 395 15
312 408 16
280 327 9
307 360 18
42 484 20
256 246 24
208 111 10
78 123 25
119 454 25
386 123 27
329 355 7
439 185 10
106 19 16
422 134 25
135 116 25
69 454 14
219 330 11
152 321 18
468 260 25
168 32 22
45 98 28
409 247 19
2 247 9
333 398 1
33 72 23
347 475 17
9 288 24
407 292 24
50 462 18
96 171 26
70 151 21
133 270 20
270 166 18
41 206 4
485 214 26
282 289 36
151 64 16
404 62 20
351 499 16
67 233 29
477 281 26
52 338 16
252 117 11
96 452 20
37 288 25
141 159 29
450 397 19
449 328 9
299 343 16
250 14 21
60 276 26
313 65 3
412 405 9
201 135 28
6 359 18
62 383 4
75 173 34
390 83 18
454 120 20
381 263 13
195 325 21
362 482 31
212 299 3
39 238 14
274 295 15
445 248 3
308 446 32
93 119 19
198 467 10
197 269 13
446 397 12
438 149 7
226 443 20
59 36 13
82 481 36
113 68 12
40 178 25
404 406 23
211 482 27
104 150 14
488 383 14
324 289 29
79 268 23
52 137 21
362 203 18
424 191 3
302 101 31
95 432 17
141 287 21
212 248 15
3 301 5
250 401 13
354 322 9
271 130 27
487 17 15
477 350 30
141 151 7
365 442 18
219 183 3
354 293 12
297 333 24
26 389 20
65 436 22
216 238 29
299 178 7
347 449 20
89 234 21
123 139 26
11 400 18
363 260 17
275 284 31
75 447 19
356 170 19
135 288 7
261 78 27
420 145 31
213 44 9
275 342 13
79 15 38
264 107 38
4 109 36
100 91 15
134 356 37
255 293 21
491 297 30
162 490 16
370 148 20
439 292 25
313 101 16
313 409 25
17 217 15
234 73 27
255 22 29
21 188 17
297 59 23
314 140 17
272 420 25
435 207 37
11 403 15
200 162 19
205 45 13
442 488 19
1 3 21
134 269 16
246 127 16
251 48 20
290 86 23
180 59 11
346 287 26
328 99 27
333 428 13
309 275 16
466 183 21
453 306 26
78 220 17
385 279 27
120 405 19
29 21 9
212 327 28
437 318 27
391 312 11
473 6 14
64 13 25
253 331 33
186 6 29
473 115 24
439 423 22
499 446 17
181 456 17
216 207 14
361 123 25
439 181 22
372 178 33
426 388 28
167 493 28
65 484 8
214 415 17
462 131 10
20 88 26
203 58 13
494 449 22
297 348 8
137 39 16
380 279 30
17 219 21
305 303 24
38 371 31
366 298 0
185 20 19
128 60 26
147 162 26
252 478 31
224 120 33
157 409 17
473 191 1
171 305 21
311 484 18
494 43 22
389 192 15
436 282 16
407 279 27
446 183 24
179 134 26
450 373 21
455 448 20
439 162 9
443 92 25
381 265 29
40 305 35
202 127 5
114 236 13
442 90 12
412 337 20
159 184 22
48 374 26
423 24 26
174 153 11
287 49 5
448 191 24
229 412 24
230 188 19
317 440 20
475 144 17
52 192 30
74 126 16
431 250 33
187 147 24
172 159 27
109 297 23
9 445 19
456 419 15
457 22 32
101 323 22
332 405 3
431 267 27
237 152 26
244 199 19
442 117 6
156 316 14
142 339 37
440 405 9
413 370 12
461 465 28
335 444 6
4 79 18
211 271 17
401 454 14
68 394 34
225 378 15
490 496 15
321 114 16
294 344 28
390 427 23
374 209 37
468 355 27
472 59 20
42 476 21
121 461 22
123 397 17
67 460 28
442 419 21
360 473 25
80 196 17
481 449 18
105 325 27
114 34 16
170 147 19
88 238 5
212 171 19
124 284 11
319 163 17
78 23 14
355 177 18
423 358 8
494 241 12
381 329 10
296 404 25
479 393 28
458 93 26
8 39 3
447 486 24
347 115 20
152 499 36
7 32 6
455 422 6
451 9 15
304 271 11
160 433 17
306 134 16
490 110 17
470 323 20
380 72 24
247 424 19
108 176 10
295 137 23
20 486 19
97 41 27
370 113 24
40 204 26
240 158 41
6 0 39
148 306 21
362 131 19
478 102 17
406 52 14
202 136 26
369 291 22
446 75 28
371 272 17
375 285 5
367 184 9
295 45 29
362 451 16
284 359 20
337 221 23
352 123 10
283 142 20
65 279 30
231 420 28
145 76 26
346 97 9
367 241 7
442 400 15
274 165 22
268 6 11
380 6 32
393 427 23
351 24 15
389 416 1
369 129 30
493 231 12
365 51 22
217 95 19
204 167 28
493 148 13
212 137 31
56 61 22
479 375 24
303 161 12
332 45 22
70 92 16
92 396 21
196 262 13
94 193 32
5 96 11
14 344 27
421 442 20
105 375 5
172 57 32
366 167 13
434 462 16
246 61 18
33 337 9
237 262 10
216 181 15
271 134 28
186 286 6
344 299 26
237 258 29
48 77 14
384 426 43
19 305 23
321 43 33
250 400 25
12 127 30
359 59 28
388 348 29
88 234 10
13 446 31
270 127 24
266 249 13
468 282 12
369 365 23
220 346 21
108 464 24
132 317 13
361 224 15
487 494 22
435 215 7
414 329 1
251 115 17
383 229 17
0 355 2
266 318 16
253 126 10
252 174 17
186 42 29
31 344 30
184 187 16
65 470 26
325 83 32
72 155 21
61 206 35
147 89 16
419 78 17
243 403 15
17 12 28
302 104 19
490 483 15
416 93 18
465 120 28
371 374 17
223 227 28
469 330 19
114 61 30
216 317 37
267 333 13
477 71 15
456 313 16
213 151 26
422 88 39
453 199 10
343 188 21
107 256 28
117 455 18
406 476 13
81 423 22
398 274 23
309 247 17
470 294 13
453 207 17
233 309 10
357 348 15
489 30 20
264 338 25
156 165 22
208 371 27
53 100 27
134 149 11
187 448 26
155 283 31
471 177 23
371 9 17
224 145 16
439 70 19
243 492 23
135 373 18
385 33 14
62 116 26
183 211 28
323 343 18
179 338 27
214 95 15
427 146 30
444 135 19
336 157 27
260 451 8
146 50 25
305 358 15
268 10 4
47 486 26
356 234 7
113 230 25
246 223 6
342 325 4
498 13 11
455 58 17
493 62 10
19 129 6
453 288 33
417 49 24
333 138 31
322 320 34
187 9 34
478 280 9
225 217 22
204 151 20
72 425 13
253 174 14
308 380 10
125 3 18
349 75 31
454 159 13
272 6 7
362 381 18
73 31 13
136 28 31
178 236 11
188 416 16
92 93 18
290 345 29
157 408 28
108 53 12
263 156 37
269 221 30
292 381 -2
466 334 7
262 107 18
121 447 29
323 262 22
298 352 29
303 344 30
472 89 19
322 366 23
265 380 23
125 251 21
471 18 6
125 16 8
61 125 13
172 28 31
16 253 20
452 217 29
377 469 14
231 121 21
272 197 16
495 88 20
298 39 12
487 449 13
232 188 18
239 10 21
298 158 15
48 124 17
76 266 14
134 194 19
23 189 19
451 336 13
28 29 17
454 113 27
378 316 29
134 384 21
262 332 26
347 208 16
281 466 29
239 283 13
334 124 26
219 76 9
173 198 0
233 188 20
323 495 20
144 70 18
295 236 22
488 84 17
106 342 13
263 182 22
307 417 7
461 452 35
12 432 20
394 182 8
3 33 18
385 221 12
460 333 32
33 312 24
233 248 34
364 240 32
424 251 28
290 196 21
162 57 22
263 172 15
261 13 21
268 247 5
143 300 20
242 182 16
432 292 27
47 56 30
35 217 27
118 122 18
313 356 26
159 366 26
126 344 34
113 290 27
363 267 24
330 302 16
324 315 24
260 102 33
406 443 25
58 233 19
422 163 24
81 461 27
433 129 25
39 53 15
479 298 31
210 331 15
250 432 13
109 4 13
149 8 15
289 160 16
348 386 15
124 102 19
422 126 34
203 53 24
18 81 27
28 380 25
157 416 29
212 241 22
200 60 24
134 267 32
373 444 10
437 350 20
298 230 19
397 187 26
140 183 23
416 19 26
446 363 13
91 202 21
470 464 27
274 27 28
269 176 18
260 182 18
104 327 19
198 424 1
237 433 31
409 336 7
429 460 18
34 216 16
274 381 30
203 228 25
366 492 23
267 76 3
486 305 18
328 176 20
254 200 16
384 30 17
239 280 18
189 165 17
130 216 21
437 408 12
343 359 17
122 90 5
227 461 16
380 310 19
91 197 30
434 326 9
276 52 15
75 77 12
494 26 36
440 280 23
465 71 18
117 277 17
452 57 25
365 111 14
226 118 23
487 139 17
428 162 27
117 34 16
9 433 17
416 360 30
444 112 23
334 485 17
229 18 14
482 79 29
79 396 19
460 117 13
63 24 29
358 359 27
200 431 20
387 280 16
428 448 13
51 86 17
180 426 35
483 499 14
212 466 17
169 187 13
387 476 18
211 414 23
92 8 18
299 20 2
279 234 9
421 444 16
124 488 11
203 92 21
258 317 16
462 149 24
300 334 17
268 265 25
283 302 21
207 61 14
494 10 24
104 409 8
0 351 35
412 345 0
453 69 20
429 400 31
77 120 11
283 250 1
74 485 23
334 195 16
496 398 19
386 115 8
155 193 31
88 133 38
149 117 21
29 367 25
81 196 30
47 216 27
100 136 17
157 174 32
407 426 19
424 58 16
174 47 13
188 282 21
8 201 13
449 489 21
42 408 20
396 337 36
456 277 22
91 208 -1
290 311 38
423 399 20
146 250 16
250 371 12
190 84 9
385 261 34
113 391 31
163 245 35
460 103 5
445 103 21
264 486 25
454 353 11
15 62 13
395 87 14
85 83 0
218 383 22
451 190 19
150 297 27
436 249 14
393 109 25
142 178 7
240 261 11
466 106 31
34 422 24
247 377 15
340 479 21
438 174 23
453 183 30
137 494 18
195 6 15
343 275 14
166 217 -1
100 466 27
62 489 3
442 342 14
401 159 16
231 432 34
243 385 19
360 404 29
434 312 12
264 83 29
192 322 11
190 438 29
223 493 20
155 243 28
386 305 28
383 228 23
459 171 20
492 132 39
180 94 27
362 406 23
399 338 9
142 77 4
341 33 18
255 165 28
382 425 24
472 260 15
58 289 26
219 223 8
104 194 21
251 145 21
171 98 17
353 255 32
51 161 12
189 176 20
392 324 18
353 13 11
335 460 30
73 205 4
88 21 5
407 254 19
344 68 24
76 172 12
90 471 1
457 99 29
287 275 14
428 328 14
151 224 30
411 161 21
343 200 25
289 401 23
275 191 27
175 352 23
407 4 15
217 27 19
139 176 22
162 158 15
326 295 25
58 119 24
207 208 9
20 99 24
273 497 11
88 95 19
292 82 17
46 114 7
449 179 20
449 278 9
1 479 11
301 473 22
466 267 9
366 345 28
355 204 16
41 426 12
347 135 20
162 347 32
156 51 30
201 12 15
356 192 17
217 474 26
243 279 12
214 294 35
293 77 21
267 91 18
424 153 24
113 50 6
363 109 22
105 235 28
261 209 15
381 22 18
326 172 15
279 404 26
451 140 5
108 258 9
42 52 17
175 130 14
415 143 25
31 438 27
208 384 23
479 74 26
435 139 12
424 161 17
388 479 26
68 48 37
328 30 16
356 336 23
132 353 21
417 471 9
211 444 34
277 410 12
394 72 29
22 262 27
444 86 5
138 286 27
453 145 34
495 452 7
320 160 18
381 141 25
39 98 20
483 494 8
409 451 28
41 431 15
250 303 10
358 55 6
24 262 27
209 384 28
402 322 33
131 118 21
417 170 28
239 212 27
408 104 20
97 374 25
203 386 11
477 390 22
5 133 18
362 392 26
43 58 19
118 333 5
67 449 26
404 48 31
319 483 26
56 431 31
484 353 27
3 226 17
130 128 12
383 100 20
389 4 -5
1 410 30
145 378 19
257 376 16
498 432 24
188 496 22
311 327 12
472 453 29
358 108 28
328 44 9
74 358 13
166 49 13
428 77 20
319 278 14
246 84 26
426 370 15
451 223 25
18 143 11
228 226 12
31 326 36
248 304 22
123 48 28
341 163 31
239 364 20
96 3 18
471 190 17
418 402 27
419 42 24
422 40 11
321 279 22
315 59 6
132 301 20
143 200 13
123 476 11
489 44 19
348 155 18
306 307 26
82 258 27
477 458 21
348 315 10
226 454 17
204 474 18
182 452 39
36 247 20
305 237 26
312 336 31
262 33 11
465 29 23
422 73 25
323 382 8
476 459 22
331 305 37
490 350 31
485 406 18
271 496 12
343 392 17
344 235 22
456 173 15
35 203 26
215 472 12
156 80 12
408 467 20
202 404 24
134 321 24
403 463 19
379 139 12
262 166 25
7 25 29
52 383 39
334 87 16
85 49 16
203 190 16
2 203 17
46 450 10
462 485 25
78 241 17
481 90 22
371 110 20
281 323 23
19 464 22
411 364 21
315 181 12
412 391 22
304 429 10
172 298 17
259 446 14
39 340 34
207 52 23
420 19 3
112 495 19
387 366 17
328 57 14
16 264 32
230 450 12
60 79 31
152 405 13
234 359 20
290 33 15
235 154 26
188 350 30
193 467 28
107 195 2
391 161 26
145 452 28
387 226 26
311 99 25
270 282 20
230 404 30
19 187 21
491 326 17
83 385 16
101 264 17
381 242 22
484 306 25
442 485 29
176 191 3
367 222 12
378 361 20
286 411 20
435 245 22
403 107 33
219 384 13
449 369 25
119 93 30
245 63 16
398 299 21
431 315 26
252 437 23
381 156 10
247 96 25
433 365 14
420 208 22
190 251 11
178 192 -3
361 92 28
5 443 34
57 97 5
187 383 17
461 234 17
40 135 29
419 105 19
39 411 34
436 63 18
89 74 38
230 202 17
345 9 19
349 146 20
95 195 33
111 114 29
480 74 31
302 480 20
139 472 15
415 490 22
436 75 23
67 76 6
198 177 18
423 455 17
158 453 20
89 399 17
199 249 17
180 316 12
374 478 12
31 278 13
470 423 22
310 392 27
207 487 22
345 2 15
163 104 16
66 340 14
215 64 15
258 17 32
455 331 24
141 298 32
26 8 1
425 63 22
407 393 22
178 180 17
326 41 8
162 220 21
334 288 33
185 7 26
35 60 16
213 73 22
49 168 22
475 484 29
335 144 27
453 12 16
104 36 20
168 21 26
283 24 18
487 423 24
404 6 18
287 94 21
167 498 25
61 100 28
295 148 12
189 491 22
91 75 14
468 98 23
18 279 22
253 33 9
439 379 17
286 393 10
319 123 13
271 390 23
211 88 6
125 420 8
88 418 19
247 394 31
175 158 31
422 104 19
444 335 10
129 479 16
133 356 25
273 168 23
289 297 10
221 408 22
136 89 34
467 215 16
26 235 19
42 237 26
72 85 17
141 197 27
243 294 20
93 225 13
136 480 25
238 438 13
430 396 10
152 194 19
223 494 13
340 389 38
334 177 19
220 380 17
352 193 15
14 396 3
426 0 27
385 285 13
217 206 12
18 140 26
444 284 8
201 450 19
23 82 22
296 401 33
9 186 24
410 71 28
22 274 25
430 231 17
311 424 18
269 5 27
111 237 24
392 401 12
469 299 17
306 32 25
344 111 22
53 282 17
410 18 17
459 342 11
133 485 31
44 241 6
23 256 8
446 482 24
74 48 27
332 94 22
482 433 19
302 53 16
345 309 25
0 275 15
266 173 13
475 51 4
121 420 25
251 66 32
126 480 13
55 315 15
72 27 33
189 407 23
138 477 8
499 103 9
18 486 23
351 154 13
81 134 26
174 62 28
321 180 23
349 222 10
241 487 9
426 411 18
263 349 7
104 64 20
422 487 27
348 364 12
66 88 18
213 13 17
57 413 18
147 454 8
77 40 12
121 28 15
105 342 12
74 102 29
353 98 18
385 194 29
149 204 22
159 179 21
314 115 26
400 74 26
385 195 24
416 152 1
183 41 19
432 204 12
209 498 13
402 16 17
115 3 24
391 308 22
31 80 18
76 481 20
269 412 18
236 468 24
218 113 14
326 324 8
497 413 18
329 252 14
259 295 36
377 9 30
429 259 21
76 365 19
487 47 20
245 108 19
103 4 14
349 39 21
288 307 28
417 263 4
471 250 18
344 213 20
26 25 27
99 13 10
230 403 31
44 493 27
212 58 4
411 468 18
265 489 25
2 78 22
24 383 22
56 197 23
301 325 16
491 235 14
150 447 16
52 2 23
351 123 22
469 102 27
274 333 11
22 395 21
260 433 27
78 305 32
411 0 15
271 224 28
69 322 21
114 279 24
311 462 17
112 11 27
342 291 18
221 30 12
318 91 15
412 338 24
473 124 23
182 334 26
229 83 18
95 131 7
212 222 26
293 309 17
450 137 28
314 32 13
203 14 12
241 126 5
211 46 28
498 369 23
101 87 18
273 418 -9
98 485 26
310 121 19
493 403 29
268 91 16
426 328 21
229 119 22
348 63 23
396 405 15
303 62 18
163 418 10
157 198 18
119 54 21
325 326 29
380 471 15
163 228 21
286 118 16
64 228 27
413 27 6
341 6 28
152 238 24
498 196 14
469 232 25
237 281 25
343 258 21
338 381 10
262 376 24
309 167 8
428 293 33
138 386 8
12 33 3
470 117 25
427 131 29
10 11 25
126 281 28
248 428 23
304 332 35
328 302 13
307 433 12
273 38 14
407 76 23
447 149 10
230 325 35
320 87 23
185 60 1
476 344 26
491 106 28
65 17 23
142 146 20
52 100 15
310 133 28
59 70 33
69 390 27
155 365 20
247 165 13
250 386 27
143 350 30
120 97 27
300 284 12
0 16 19
254 28 10
233 391 22
495 99 21
418 13 14
252 340 20
205 122 27
284 245 31
161 424 19
482 289 30
80 178 12
436 487 17
197 303 11
212 17 13
23 286 12
64 434 23
124 15 19
197 281 19
349 430 23
279 227 14
138 114 9
391 343 18
486 80 23
52 83 9
41 399 20
80 277 23
360 77 25
407 48 24
403 109 17
347 155 23
33 165 4
341 283 28
211 451 20
182 279 17
455 22 15
82 171 14
182 300 24
327 328 6
110 136 25
375 360 25
341 115 20
192 68 11
43 141 28
67 83 4
469 443 13
290 352 16
185 279 23
416 220 24
323 33 17
283 238 28
281 25 25
343 483 25
336 0 34
202 454 16
222 118 17
47 169 23
262 397 17
413 343 10
42 35 23
180 200 8
406 318 27
392 191 17
169 296 19
294 470 17
55 48 20
259 166 7
478 369 23
13 59 10
408 18 18
143 430 18
165 443 18
390 284 10
475 316 11
256 33 15
479 158 26
294 369 20
156 94 2
447 432 24
92 34 25
275 294 21
280 27 18
245 256 35
389 411 12
228 385 21
128 38 23
382 398 16
170 372 22
257 265 38
491 124 26
133 198 23
470 190 8
387 255 18
262 423 27
99 126 26
182 421 11
98 232 10
306 103 16
339 242 3
452 170 12
62 498 26
458 2 10
115 57 12
375 429 31
357 222 22
56 263 21
275 213 16
437 299 18
5 230 14
275 34 16
367 265 12
227 102 25
442 252 31
17 445 12
6 28 15
24 116 14
304 495 25
315 462 7
431 433 16
65 340 12
270 36 10
456 144 16
431 413 34
457 336 12
201 346 20
382 338 20
151 188 8
245 447 18
438 132 16
12 38 15
246 307 33
351 484 23
93 260 36
475 271 30
142 286 10
242 36 22
243 25 24
455 339 20
143 463 21
2 487 13
104 444 22
114 432 24
350 268 18
273 123 20
5 42 22
179 194 32
142 220 20
291 62 43
355 455 22
376 271 35
378 206 14
292 224 16
57 415 6
484 76 13
63 276 17
90 459 13
313 376 22
379 23 12
388 134 21
290 136 30
388 300 22
127 340 33
371 184 14
34 360 23
407 401 22
151 355 29
400 317 29
342 179 20
192 348 11
360 90 9
88 357 10
86 189 18
461 410 18
120 175 15
28 47 21
274 83 19
50 346 17
1 486 21
213 457 20
192 198 31
288 216 22
251 131 11
373 239 4
177 89 22
456 8 18
210 267 12
117 256 21
95 471 24
45 412 25
253 70 15
132 325 32
354 427 19
3 9 6
69 235 3
161 376 24
204 365 23
252 26 24
121 206 19
45 248 12
202 143 14
62 142 31
435 63 23
216 308 28
322 281 37
190 471 23
34 33 25
320 159 16
249 276 17
185 44 24
139 150 20
168 271 14
265 229 11
407 450 42
82 315 11
485 195 25
28 118 18
361 77 17
62 354 2
282 29 4
295 179 18
153 46 20
105 60 27
462 74 19
334 162 19
30 196 8
76 429 18
341 228 27
222 158 14
253 322 12
258 426 17
406 289 14
268 389 28
87 176 5
374 245 17
343 391 19
308 432 34
497 164 23
13 478 17
472 197 -4
168 62 16
382 101 15
455 92 17
58 432 26
55 13 10
104 300 18
47 404 14
472 79 24
5 8 24
217 207 12
168 310 22
450 200 25
372 439 14
448 42 26
245 461 23
165 353 20
407 299 30
282 438 19
110 99 11
473 235 14
391 421 25
459 436 10
244 393 15
62 162 11
439 326 9
40 169 13
459 338 31
249 431 16
42 496 9
479 412 17
477 465 12
220 364 17
313 375 23
466 304 25
27 352 8
230 338 9
436 285 14
32 156 18
142 176 15
396 490 24
241 488 21
128 347 18
324 11 17
322 45 12
119 34 27
397 142 13
374 296 11
143 111 15
238 164 12
10 455 33
287 355 8
160 442 29
88 115 22
473 439 33
252 233 17
42 265 6
485 412 23
107 181 35
40 492 20
24 479 36
194 338 26
343 10 29
207 180 11
119 278 7
101 82 17
81 457 22
228 415 20
199 246 21
136 412 28
345 454 10
291 356 22
20 260 15
123 112 24
281 213 23
9 393 15
450 225 7
378 252 11
72 285 27
243 389 14
350 153 20
156 415 19
104 283 17
316 377 35
303 22 23
492 205 24
470 204 20
119 401 23
361 254 11
471 367 22
208 114 30
127 343 30
115 269 20
22 41 26
79 277 13
116 257 26
206 92 22
432 433 34
25 215 24
333 353 18
480 117 23
362 105 21
323 439 13
189 296 12
316 293 21
159 492 16
478 480 23
205 289 16
259 249 26
465 300 17
488 411 23
35 190 16
46 324 17
23 455 16
97 55 22
445 378 15
92 137 27
399 198 11
481 419 27
369 22 31
63 493 31
227 3 16
414 281 21
463 382 21
37 458 27
154 346 23
123 178 22
340 179 25
149 150 26
97 369 14
0 391 24
261 338 18
333 65 22
291 91 15
371 294 25
493 366 22
166 258 22
396 363 15
67 322 25
78 321 9
277 362 9
24 411 20
416 56 20
92 30 29
6 190 25
196 433 20
281 220 10
132 476 30
36 163 21
226 30 10
69 242 13
278 188 4
420 403 29
180 25 17
37 392 8
411 236 10
9 380 10
337 81 14
147 275 6
365 437 30
159 112 18
51 384 25
355 255 3
278 158 0
384 388 11
95 255 25
404 153 8
90 61 17
210 368 18
177 16 9
23 305 38
349 365 27
178 425 17
92 57 16
76 448 15
224 76 33
140 373 16
53 265 25
98 338 36
365 287 9
330 41 6
447 320 25
196 299 24
428 236 22
251 397 14
216 6 27
368 302 19
495 140 27
6 371 23
202 257 27
468 493 28
104 173 29
486 439 26
129 242 17
424 394 13
226 202 31
105 382 24
87 54 8
349 272 11
311 278 23
43 20 30
436 55 4
437 239 18
381 428 11
310 361 8
65 137 14
244 78 25
270 394 23
447 235 17
206 55 20
229 55 26
149 194 27
138 269 21
256 467 15
135 462 15
464 360 28
7 490 25
21 486 9
63 181 20
343 6 40
395 277 11
257 114 11
248 175 34
13 343 24
197 373 26
218 305 4
273 181 22
212 319 1
0 319 24
172 426 36
167 221 16
31 251 16
406 291 12
459 22 13
279 414 15
272 471 14
358 453 22
313 220 20
412 199 35
409 423 30
193 464 23
271 420 17
101 161 27
338 399 19
59 202 24
47 302 23
243 13 2
57 304 9
341 287 31
261 180 19
284 332 25
154 164 21
124 449 21
61 448 11
356 273 19
249 146 8
315 461 21
178 200 33
150 134 24
185 110 31
137 455 21
277 79 22
101 180 32
422 336 14
93 0 13
13 399 22
264 130 35
432 498 27
251 281 24
147 402 28
260 25 15
68 6 26
153 389 17
454 427 14
197 159 17
152 261 35
85 71 21
77 276 15
439 174 42
268 377 21
295 207 17
210 475 36
255 483 21
460 384 26
21 247 13
438 20 21
164 161 8
208 453 19
118 144 23
92 155 15
390 164 30
107 67 20
365 5 29
422 447 17
499 397 27
464 81 17
115 99 21
237 405 16
54 406 37
441 395 20
196 137 26
340 205 13
62 477 18
79 464 18
70 55 28
39 445 25
358 31 17
156 380 2
0 48 25
74 424 22
31 200 10
430 490 23
130 431 15
44 387 19
237 328 28
175 168 29
84 423 20
245 351 12
428 165 18
363 380 17
482 269 20
52 460 17
139 212 20
90 19 17
246 125 12
483 451 18
31 78 26
401 360 19
136 42 9
28 347 15
498 426 23
159 233 20
429 34 20
131 152 26
368 20 34
125 358 14
42 469 28
302 190 17
305 102 10
66 108 12
116 100 36
374 492 2
358 355 23
197 321 5
152 274 20
295 186 28
193 113 17
428 494 20
27 282 9
271 93 12
275 143 18
139 154 10
478 38 25
115 341 20
425 107 39
332 201 16
81 443 15
284 256 19
192 334 28
282 492 22
229 465 30
89 363 27
223 382 9
36 189 2
99 423 25
486 63 16
173 292 15
51 404 26
143 363 17
497 368 27
85 48 29
207 491 25
426 239 18
205 108 -6
333 67 23
297 276 9
58 154 15
102 379 14
123 164 13
476 56 0
42 244 24
373 260 20
109 113 31
260 145 8
464 183 21
252 276 19
250 342 32
276 315 23
305 306 17
372 200 19
375 495 19
128 387 19
134 54 25
147 401 14
403 263 21
257 402 14
493 471 16
197 103 13
280 489 28
273 242 8
175 279 28
260 142 31
258 267 9
118 281 15
413 126 42
224 433 22
360 37 13
481 72 6
270 150 26
193 487 18
321 485 13
316 88 22
438 368 12
123 441 14
406 190 22
409 214 12
116 49 13
408 261 16
169 318 11
206 486 21
234 489 15
48 489 16
317 344 16
234 413 12
59 114 25
348 360 17
171 55 5
210 390 13
193 347 10
204 429 15
140 228 26
46 159 17
216 393 24
153 193 32
192 36 4
115 111 32
456 446 26
463 427 20
95 240 7
418 50 2
231 472 27
391 36 26
43 494 32
168 305 28
123 435 22
498 60 21
178 218 30
381 273 20
197 357 -4
452 110 12
281 111 26
56 234 26
228 261 18
165 107 29
3 145 23
437 451 29
493 320 20
148 125 23
468 216 23
87 289 11
411 310 19
116 182 19
376 462 10
136 401 18
192 443 14
89 181 22
225 410 20
230 427 5
224 331 18
14 490 28
133 170 27
278 404 -2
49 486 18
163 445 19
101 54 10
322 208 10
434 238 6
187 0 16
37 494 22
293 385 34
336 492 20
426 220 20
33 438 25
408 57 18
104 10 10
469 42 27
153 171 41
0 466 5
121 213 37
415 194 20
37 466 26
392 125 19
456 269 18
96 406 20
114 28 24
115 149 15
168 172 27
143 21 19
481 336 15
441 315 29
334 474 25
496 250 10
360 408 27
35 498 23
127 417 15
448 411 27
253 476 18
60 221 15
44 401 25
441 483 28
147 183 24
367 422 40
441 55 8
115 405 17
164 297 17
108 24 22
86 456 30
256 4 21
198 171 17
95 105 33
11 277 18
238 67 16
469 247 15
428 89 5
86 488 16
166 109 14
37 281 21
163 129 31
15 32 11
144 98 18
158 1 17
427 454 27
226 158 23
431 193 26
237 91 14
31 253 20
41 157 30
206 193 19
327 480 21
285 425 15
194 308 24
230 420 13
353 97 26
405 483 20
432 186 20
206 217 23
40 143 27
185 334 32
64 384 39
397 49 20
492 310 21
323 250 17
57 191 12
7 159 8
35 143 11
157 442 10
196 121 25
309 413 30
185 8 24
209 410 14
169 32 30
436 129 24
17 227 22
390 340 17
85 229 32
479 276 15
89 187 5
374 170 17
173 450 12
381 109 25
18 481 11
335 41 17
109 179 25
169 237 15
441 134 25
450 153 26
230 419 21
492 276 26
349 38 31
262 146 24
353 403 19
381 394 19
244 262 23
122 385 30
302 251 3
115 48 19
204 467 24
198 134 38
33 119 11
25 481 15
342 6 20
126 381 8
156 73 21
242 202 19
221 210 13
42 317 9
137 50 20
161 83 25
49 44 27
96 490 19
368 58 23
239 1 27
120 277 9
290 178 21
317 201 18
334 465 13
203 274 18
217 480 17
439 269 15
209 464 21
442 494 25
332 206 9
83 116 19
436 307 19
87 295 14
370 126 21
386 37 29
388 70 24
310 424 15
99 209 23
10 363 21
149 177 15
321 479 28
401 430 20
191 159 16
26 172 13
484 469 17
488 448 4
241 401 20
424 422 24
201 148 22
216 426 27
44 466 10
62 196 29
122 106 23
464 231 9
125 344 29
377 462 13
388 424 24
56 381 11
453 175 7
394 294 30
255 498 22
423 245 14
50 421 23
440 449 12
199 495 5
131 260 15
428 23 33
72 379 17
210 28 17
456 52 16
25 246 16
200 241 13
186 248 28
418 405 10
127 372 25
7 40 30
299 261 10
480 100 17
212 31 14
410 469 24
47 387 22
423 469 7
323 60 20
38 175 30
376 304 25
476 216 27
260 308 7
344 497 17
100 359 16
473 463 23
430 317 7
379 137 20
123 222 22
49 466 14
210 495 24
305 197 44
250 228 12
169 276 15
312 186 18
99 402 4
50 260 26
217 11 12
368 364 22
349 101 20
310 457 21
490 30 12
205 483 19
35 389 9
143 451 26
129 265 16
83 404 26
436 117 22
106 109 20
328 476 20
234 392 26
294 215 14
18 152 17
405 65 24
46 246 16
406 454 24
155 482 16
77 495 16
143 385 11
158 285 20
198 414 20
309 305 47
303 488 17
78 196 10
287 191 21
456 289 19
164 308 8
13 35 9
183 117 5
88 174 5
268 496 7
465 148 19
88 91 23
399 100 19
311 457 26
327 115 17
161 39 17
83 98 17
369 305 27
48 436 13
404 255 18
228 468 10
460 297 32
339 120 27
190 149 19
388 303 27
325 166 0
48 449 27
37 189 19
238 409 28
496 142 6
242 485 27
463 189 9
381 357 36
233 227 22
434 389 27
153 444 14
496 373 21
493 0 16
387 148 15
127 493 30
274 31 24
33 356 25
463 385 12
52 99 22
437 251 17
14 264 14
114 298 28
397 3 8
468 171 23
307 120 28
191 176 29
379 138 25
253 449 13
318 340 16
332 460 36
4 124 32
29 163 21
479 152 25
87 435 6
192 441 9
492 226 23
102 496 23
245 1 19
297 129 12
22 306 5
129 416 28
312 369 15
78 336 32
291 464 12
273 405 36
10 31 18
29 276 24
249 183 20
38 41 20
17 301 11
430 287 14
114 134 14
39 217 8
367 153 28
66 149 13
137 346 12
37 237 16
236 214 3
342 227 19
300 102 32
477 30 15
52 447 34
189 33 25
466 357 23
451 73 17
432 218 15
485 40 23
264 426 10
60 114 25
381 178 33
477 320 17
11 130 28
235 164 16
147 476 30
396 70 19
120 245 20
198 308 23
165 462 15
150 32 23
215 170 35
327 33 20
346 365 25
462 255 19
357 31 12
335 307 29
380 492 26
78 140 16
356 481 28
22 377 33
123 307 32
309 53 29
264 270 13
6 365 14
136 51 30
34 408 15
492 154 13
394 493 18
350 71 25
382 291 25
154 251 32
149 99 14
22 463 8
333 247 27
70 29 17
19 455 21
138 371 4
288 470 12
317 71 22
338 470 14
36 109 16
336 359 27
28 34 22
79 198 8
142 158 18
218 181 17
318 83 20
225 63 39
345 248 11
204 478 17
175 375 34
289 285 24
120 487 18
129 493 9
405 144 27
268 202 12
352 251 22
480 189 33
475 429 26
393 443 12
130 91 16
170 28 2
135 114 26
367 319 25
277 368 3
3 352 21
42 294 18
35 264 9
256 101 15
443 99 20
95 419 23
474 171 1
393 97 29
353 368 8
296 223 16
151 470 10
149 104 23
129 114 15
296 145 22
57 360 24
63 329 11
344 167 22
379 458 25
182 180 10
279 427 21
118 108 44
465 303 10
332 456 21
135 73 13
488 340 29
434 453 22
185 400 15
264 65 19
398 272 21
81 273 17
312 7 28
204 207 22
330 473 6
185 239 20
70 301 10
46 237 21
174 349 19
396 389 15
274 223 8
444 462 19
315 3 21
165 386 24
498 438 27
284 83 15
435 88 25
272 406 27
161 275 24
28 485 18
448 65 7
3 465 14
68 32 26
239 309 21
147 492 28
219 431 20
203 174 15
123 296 26
129 270 13
450 299 22
318 58 20
228 174 12
82 278 35
328 103 18
431 340 6
276 146 41
42 82 14
252 149 12
152 156 21
380 293 18
475 49 12
385 328 15
452 148 36
46 188 14
82 78 33
425 122 13
444 463 24
496 338 12
364 130 24
304 302 22
101 139 31
400 248 11
55 362 20
395 434 24
133 459 10
153 306 27
469 458 -2
424 436 21
148 471 19
321 200 18
321 152 26
240 460 24
61 157 17
328 383 16
442 302 17
145 351 20
343 455 2
260 470 24
169 320 27
223 447 8
414 485 30
17 491 7
88 315 10
262 21 22
144 297 19
215 244 14
256 441 13
166 373 9
323 461 24
331 450 25
58 61 12
259 353 30
192 175 26
430 351 31
367 92 24
134 130 28
432 106 19
107 82 20
58 323 18
344 147 22
217 489 20
343 146 30
408 110 23
460 444 20
63 456 5
98 75 -1
471 388 30
253 374 12
153 289 21
416 70 15
385 231 18
113 251 23
391 228 27
471 463 23
60 497 23
496 428 22
445 70 23
384 446 9
90 295 11
361 194 10
123 230 19
385 81 27
345 76 23
278 274 11
291 127 18
41 228 27
166 249 14
273 431 25
124 343 30
95 146 32
71 73 21
242 189 28
272 189 23
323 102 15
367 224 22
235 485 7
207 384 32
24 407 2
90 127 26
287 441 20
96 115 24
390 105 16
374 54 7
42 488 19
439 217 19
93 305 8
124 318 27
355 291 23
242 208 14
92 230 17
472 394 21
231 303 30
408 381 11
306 187 29
300 64 39
408 273 19
473 209 37
433 201 24
59 366 12
262 427 16
288 372 25
189 453 10
381 64 32
46 84 19
472 47 29
44 79 14
370 333 21
210 420 25
126 322 24
461 484 23
123 126 20
129 276 18
412 220 15
179 342 30
424 371 28
480 181 29
270 65 28
187 279 5
328 169 12
52 327 30
165 16 18
118 494 30
83 414 12
476 104 15
96 212 27
27 349 25
197 65 31
242 52 11
189 228 25
204 146 2
84 285 31
272 186 36
131 355 16
111 17 8
496 204 17
215 35 18
251 33 10
325 310 14
33 50 5
30 344 -2
476 335 12
336 209 29
431 137 36
265 494 2
473 494 29
320 65 13
471 422 12
331 13 17
280 284 13
48 339 10
365 330 28
416 53 10
342 51 17
462 106 32
443 398 30
188 342 13
83 37 15
170 305 15
388 476 12
316 89 9
417 341 16
404 94 21
154 80 24
161 223 22
469 79 28
314 15 16
47 463 11
474 481 25
173 492 11
479 47 30
390 203 23
326 301 9
240 486 35
390 435 17
435 198 12
371 213 24
141 184 29
280 111 11
494 367 13
284 358 27
458 100 10
450 18 16
379 63 29
225 205 5
28 221 25
11 273 26
311 337 18
8 63 26
215 336 27
73 260 23
151 385 31
277 334 9
318 291 22
5 197 14
440 190 -1
327 82 22
374 399 27
158 0 28
123 102 20
278 292 8
482 416 4
67 248 19
112 403 29
35 499 15
358 430 3
403 200 11
136 321 15
358 188 14
98 414 10
136 180 26
393 238 20
455 216 22
17 499 22
161 159 25
141 69 26
113 306 14
232 155 15
370 432 16
358 2 28
264 146 27
434 58 29
124 466 21
290 129 26
184 369 18
263 249 23
399 14 25
183 244 21
86 48 13
379 357 25
201 420 30
71 58 33
422 18 17
403 347 23
230 238 27
209 67 17
468 25 14
492 134 17
405 404 25
48 204 15
126 369 36
458 477 14
381 23 29
103 157 28
60 257 6
82 229 27
69 315 23
188 74 24
341 440 26
496 114 27
156 263 24
405 228 7
148 416 22
233 475 9
268 206 4
408 14 16
293 351 13
49 448 14
316 284 12
445 152 32
227 82 32
396 272 30
395 182 30
85 325 27
69 222 18
468 405 7
81 193 14
95 450 24
307 4 40
67 161 13
317 238 11
459 205 26
367 72 11
375 334 24
264 55 13
434 122 2
479 389 18
364 25 23
268 281 27
11 188 14
430 331 25
5 66 10
93 37 22
49 206 34
208 106 17
253 167 19
492 57 17
279 39 16
230 148 22
424 232 13
219 182 19
52 442 22
182 465 26
268 212 38
205 216 25
413 470 22
2 399 13
8 23 11
202 98 17
461 345 25
216 326 20
450 73 13
325 253 10
193 173 20
13 259 19
224 419 12
105 239 14
111 316 14
127 304 9
34 244 19
344 123 12
326 322 20
452 228 33
167 452 39
130 196 33
68 162 39
496 237 25
313 252 25
305 402 15
86 244 32
234 433 17
482 49 15
394 344 19
428 411 8
428 82 21
289 306 29
5 445 23
304 298 28
246 70 18
26 157 8
161 442 24
145 19 18
187 284 18
97 209 8
278 6 8
451 292 27
221 381 24
143 241 29
231 142 20
335 435 14
143 167 30
424 65 37
22 277 20
263 76 18
369 466 33
178 53 -3
399 180 27
37 231 9
300 308 22
285 120 16
227 307 30
136 223 33
382 280 30
345 103 22
327 131 26
410 40 16
32 224 19
54 122 21
100 440 21
281 148 21
50 113 27
471 219 8
437 194 31
163 357 8
426 137 30
294 237 25
286 120 28
373 211 24
466 116 23
404 27 17
185 396 20
54 470 9
184 446 23
485 194 41
222 349 30
347 84 20
357 136 35
269 331 30
84 121 18
274 407 22
27 118 18
307 190 16
263 169 14
145 392 7
234 456 8
59 422 11
24 45 17
357 128 9
485 269 18
251 171 34
356 105 13
228 392 9
377 39 17
381 467 24
100 462 19
183 221 24
454 408 34
378 92 28
474 282 26
293 392 17
132 403 19
440 168 24
367 466 14
184 402 10
107 48 17
26 266 24
159 31 16
391 383 10
395 393 20
60 453 14
497 195 17
170 309 27
454 173 15
58 47 17
289 262 15
157 162 24
344 107 25
389 184 17
24 276 28
305 130 13
41 180 10
176 184 26
142 233 16
462 68 27
120 307 19
447 382 25
389 176 19
267 315 5
449 282 33
363 117 26
482 94 29
305 457 16
498 240 33
106 110 12
407 265 26
376 338 21
466 280 28
273 161 22
220 283 21
43 186 25
261 104 18
75 2 8
416 447 16
453 210 15
228 125 8
460 357 28
170 409 26
280 213 15
167 42 5
288 78 6
189 275 32
358 241 28
465 5 4
359 375 16
340 93 21
291 317 7
35 164 26
499 126 22
362 452 34
337 183 34
290 163 9
24 385 32
498 43 20
464 6 16
387 428 24
309 44 18
194 367 23
92 455 11
52 411 23
122 486 17
191 283 18
363 92 26
454 128 25
340 73 27
476 374 8
474 372 18
102 454 23
234 37 38
193 36 14
22 132 32
288 497 18
489 154 24
312 152 15
21 75 17
364 59 35
249 155 14
144 242 24
449 291 24
116 459 20
472 486 7
459 366 9
254 233 13
264 273 13
466 184 20
130 105 32
78 268 20
264 261 22
402 149 19
324 445 26
169 119 26
104 102 23
142 69 26
94 130 29
432 190 22
186 251 20
45 137 18
369 34 14
289 331 29
142 411 16
196 18 25
269 50 17
339 278 20
17 300 15
300 317 11
167 196 24
315 243 4
261 150 26
6 60 32
460 104 15
37 361 20
453 8 17
295 302 14
320 233 14
457 458 19
211 459 20
221 1 26
394 242 18
398 437 25
80 310 34
201 366 12
23 439 23
3 388 22
332 356 34
347 465 29
436 318 28
323 367 12
170 13 7
220 53 12
204 300 27
407 310 12
92 386 23
389 95 22
164 199 19
431 90 29
166 339 7
150 106 23
467 206 1
488 412 16
57 178 36
219 221 20
16 459 32
176 95 13
112 379 4
203 1 24
121 159 -2
377 318 20
356 7 31
217 455 17
266 357 23
4 277 25
26 297 30
373 277 12
310 218 19
166 467 17
31 241 15
340 193 34
260 95 23
194 447 28
314 148 32
137 395 17
363 272 11
366 308 12
43 430 16
371 400 19
90 203 23
4 60 5
120 492 30
207 173 26
17 362 11
483 373 19
457 16 20
196 225 30
213 53 24
168 122 24
323 326 9
268 104 27
211 407 24
357 168 30
275 325 21
162 127 30
42 288 24
74 425 25
482 299 17
324 91 16
15 174 22
196 403 11
285 274 20
354 181 21
69 258 34
246 378 22
147 418 19
190 135 28
324 281 20
492 344 27
290 43 24
105 495 22
171 475 14
79 449 28
83 279 24
102 445 28
32 336 19
366 393 28
464 291 29
391 443 17
259 38 22
193 287 13
327 213 19
290 169 14
200 113 20
416 498 20
209 107 13
188 405 17
335 82 27
228 36 22
425 73 20
85 466 30
317 243 13
437 333 19
273 2 6
154 203 22
55 135 7
169 446 24
117 498 16
496 1 20
65 384 27
402 413 23
301 76 12
478 74 24
139 277 19
395 417 15
62 364 10
40 12 43
464 412 9
407 147 8
317 244 11
460 213 25
303 338 13
161 381 15
55 208 9
469 145 6
314 455 29
7 133 20
120 381 13
84 466 18
8 59 37
317 10 16
482 190 29
469 120 21
81 87 31
228 266 31
195 306 12
274 211 32
268 59 23
473 58 27
259 405 18
498 172 31
96 114 19
446 475 27
307 53 23
445 277 35
441 270 15
280 397 8
312 165 21
98 406 26
450 133 25
217 148 14
72 74 13
400 462 20
390 8 6
282 349 17
227 64 30
354 44 23
447 96 20
296 135 14
243 361 2
419 58 11
335 474 21
419 9 19
65 435 9
323 243 26
128 284 27
249 380 19
140 17 27
116 31 23
120 285 11
86 346 31
146 44 23
79 98 31
81 298 15
135 327 21
483 109 35
16 41 22
373 180 30
126 36 19
386 301 19
50 236 31
308 243 10
80 344 18
358 32 18
182 227 19
263 66 26
30 386 24
490 86 10
198 174 3
226 275 36
98 47 28
99 452 26
373 419 13
105 493 11
312 125 5
413 377 24
490 332 14
19 425 35
76 245 19
495 205 32
350 57 14
291 310 23
123 34 29
440 367 25
247 183 13
181 343 8
478 370 3
108 463 20
330 72 18
35 129 12
22 316 28
178 446 31
328 304 27
459 431 30
316 188 19
137 73 31
69 120 22
112 356 21
340 328 6
11 410 35
111 5 30
280 371 17
255 455 19
118 272 14
390 123 20
197 165 21
69 428 26
429 132 18
406 427 27
339 9 7
342 389 26
194 238 14
100 215 35
191 309 18
198 443 8
62 407 7
359 444 36
56 478 8
63 213 25
50 490 24
73 259 10
311 31 29
234 198 30
334 56 38
206 177 9
303 220 7
188 125 16
6 206 17
89 235 15
167 447 23
463 298 22
418 93 21
255 128 25
187 135 14
315 316 14
78 119 29
152 431 13
492 406 30
28 376 22
176 292 22
312 345 22
447 195 2
15 5 14
373 325 20
399 395 32
224 326 17
56 301 33
198 116 16
53 299 24
357 490 29
401 324 1
125 425 23
420 220 20
80 22 3
171 361 22
257 9 25
151 327 14
164 109 28
337 481 16
459 332 23
108 273 23
114 308 22
1 93 26
442 484 13
99 321 17
235 228 5
372 357 9
103 363 29
275 184 9
295 369 32
479 443 32
250 490 22
6 151 19
44 140 24
346 418 18
308 162 22
308 81 14
325 236 21
444 441 24
30 166 25
243 484 30
81 286 20
465 66 24
48 254 18
396 84 26
387 397 16
172 166 21
275 129 27
455 147 11
127 251 25
305 200 19
182 137 21
104 15 17
157 434 21
98 385 23
261 290 19
351 370 23
99 383 16
55 483 12
422 324 37
182 150 24
473 353 22
393 123 25
430 356 14
319 346 30
203 378 15
13 185 11
71 66 1
446 243 15
167 367 25
182 112 9
264 404 15
194 61 29
13 118 12
150 321 21
463 201 16
310 253 20
162 165 36
373 194 25
46 77 12
384 149 10
51 347 10
239 342 40
435 244 11
426 464 23
374 154 9
8 329 25
139 440 24
108 467 18
241 483 42
226 123 20
340 107 3
58 85 29
138 234 12
363 161 22
291 266 24
106 404 29
358 345 22
80 436 12
431 145 11
212 304 21
457 470 23
296 173 21
330 309 24
209 226 12
100 79 22
218 332 32
114 71 22
408 462 22
10 207 14
471 75 17
80 402 26
320 91 26
220 427 11
252 192 28
88 3 15
95 117 14
169 63 31
137 240 9
251 314 21
253 30 20
214 304 13
202 51 27
141 47 20
227 474 45
139 256 24
311 417 21
121 163 20
470 338 9
266 58 24
245 377 19
155 426 21
56 9 20
92 373 32
254 132 18
86 178 20
267 149 19
44 4 14
394 20 26
222 343 13
422 78 31
71 128 15
151 257 27
261 38 23
424 495 25
492 26 8
231 357 11
334 130 15
427 48 18
415 235 8
430 409 18
397 409 37
439 146 13
375 111 33
475 413 20
294 426 17
76 287 5
395 240 34
221 150 20
94 163 19
455 127 15
209 486 21
93 290 28
73 218 24
207 216 13
158 407 21
203 336 23
331 218 29
200 328 31
109 69 18
157 131 17
348 431 11
218 494 25
376 283 18
239 397 25
477 419 13
138 241 30
291 14 5
138 115 29
90 466 24
169 73 6
475 337 25
246 15 20
405 428 22
498 345 17
155 490 11
355 43 12
359 103 24
235 202 24
286 499 31
181 107 11
291 115 24
116 371 12
88 54 11
400 495 25
359 497 27
207 286 6
24 279 28
279 241 20
106 356 22
218 223 15
429 437 25
45 439 11
342 315 6
303 261 20
162 442 19
369 347 16
122 224 18
163 378 17
477 78 12
16 154 11
128 383 2
175 382 11
60 174 14
61 329 -1
301 85 11
397 146 21
446 38 16
364 386 15
104 379 10
154 491 32
403 23 23
239 457 14
376 333 18
79 474 26
200 207 0
50 343 28
2 434 28
347 266 21
135 421 24
109 339 11
247 200 26
248 41 17
415 67 18
120 422 17
459 184 9
207 413 14
416 167 31
270 124 12
149 123 7
195 4 10
145 353 16
75 116 32
284 80 12
379 77 16
367 398 18
242 380 21
242 379 25
420 260 18
328 218 19
189 170 13
34 221 24
252 304 8
265 209 17
465 281 23
188 231 18
86 229 11
430 23 29
258 0 18
330 171 30
464 186 17
38 369 28
138 148 16
433 203 8
175 493 17
36 158 20
13 290 22
99 163 13
362 306 14
134 2 19
384 247 25
133 422 23
14 290 15
220 160 33
126 349 23
449 330 25
498 95 27
199 65 18
230 28 27
242 103 34
216 117 28
51 387 19
453 14 24
403 481 18
186 230 6
154 60 29
446 340 20
400 154 18
33 181 32
185 359 21
317 425 24
34 463 23
108 449 31
325 24 30
28 155 18
228 348 29
49 307 12
22 1 4
448 298 31
324 498 4
12 234 4
498 19 13
433 413 30
397 270 18
227 196 24
394 352 25
457 194 28
241 360 18
15 453 31
313 109 34
460 296 24
464 7 10
284 116 21
491 104 17
414 95 27
398 59 23
124 336 23
119 452 13
93 324 11
204 216 19
115 381 14
153 395 21
249 125 19
333 24 18
111 471 14
330 181 16
175 487 17
188 252 17
198 154 17
183 34 14
381 393 18
297 100 27
0 486 27
216 208 15
8 426 17
171 485 12
9 210 34
60 55 1
204 235 28
260 81 15
169 116 30
252 464 18
58 297 17
69 244 27
406 451 28
92 124 19
77 57 19
27 117 33
153 497 24
377 208 9
248 255 21
457 297 26
14 26 7
215 243 31
380 424 25
352 38 9
313 300 22
197 352 23
330 250 27
166 33 18
102 51 23
395 492 14
346 187 15
234 238 40
245 128 24
114 356 17
77 250 23
69 375 25
412 71 28
390 323 12
396 158 14
402 182 19
497 417 14
468 175 19
404 130 8
179 419 6
293 199 15
22 374 25
421 264 23
357 276 22
33 69 3
138 93 11
310 299 23
118 296 4
290 451 7
385 0 22
70 267 25
207 123 22
34 302 19
357 486 2
332 425 4
452 424 23
149 330 12
494 353 22
307 430 -1
317 460 26
163 346 20
140 481 14
342 414 20
142 187 21
148 193 12
304 305 22
388 386 29
70 221 7
456 4 16
406 468 13
195 456 29
222 210 28
213 125 34
297 226 28
194 482 14
176 1 23
132 32 3
170 116 20
469 198 27
469 159 12
447 110 19
472 128 17
256 343 27
182 429 26
194 220 22
494 51 14
481 92 27
296 477 7
103 3 36
333 412 10
26 173 22
498 455 16
50 195 30
301 23 16
335 231 14
386 457 18
357 232 20
140 215 23
150 452 28
68 464 25
290 128 33
214 445 14
172 342 26
217 127 18
132 287 5
330 291 20
296 170 16
117 441 13
228 250 17
213 113 29
178 338 11
245 93 10
67 393 24
298 421 16
262 229 20
365 258 15
318 232 15
253 201 17
58 167 35
425 484 28
282 442 20
424 193 32
99 281 30
46 16 11
243 0 22
76 0 14
19 200 8
221 248 8
174 334 21
238 63 17
133 333 33
470 422 7
321 262 28
191 7 11
479 101 17
51 290 20
38 87 33
187 263 16
255 115 21
379 24 10
140 371 3
163 22 27
457 70 16
179 473 27
354 225 4
295 14 13
250 348 11
203 475 8
197 395 19
332 159 13
70 311 14
96 387 40
373 275 12
398 325 28
206 202 35
499 77 11
87 181 6
433 4 13
106 238 18
126 168 26
290 360 20
209 223 29
133 67 4
134 456 18
377 54 30
479 160 25
120 332 19
472 119 17
68 456 32
308 451 19
253 359 24
245 489 19
208 100 15
474 122 14
146 375 24
123 480 26
231 353 28
214 328 23
292 296 20
147 337 26
33 488 15
400 183 11
194 454 10
41 245 19
24 2 27
144 487 32
183 360 17
288 230 25
310 419 29
426 380 16
26 323 21
33 486 23
180 300 32
71 370 7
204 171 12
417 88 21
111 188 26
465 163 16
71 103 29
488 329 20
166 137 29
110 410 16
409 7 17
309 29 38
238 208 14
127 347 15
266 401 19
396 60 20
425 321 32
306 136 22
449 370 22
285 104 35
91 4 17
276 189 19
211 416 22
416 426 22
112 357 16
222 35 3
71 291 24
425 463 14
35 434 24
370 334 -3
121 194 18
151 181 11
245 378 31
355 333 22
479 248 6
183 249 20
352 112 8
352 26 10
1 249 33
86 452 21
32 419 21
262 112 23
190 365 13
451 57 12
185 339 16
401 165 22
220 341 24
259 344 26
390 360 17
437 176 24
171 142 22
9 42 20
91 122 27
4 19 26
171 184 21
419 342 16
133 100 31
64 321 22
318 49 16
303 358 10
62 384 24
190 321 25
470 441 12
359 181 25
157 45 9
445 377 16
83 188 0
283 340 25
263 124 22
379 441 19
444 113 8
77 126 12
94 266 13
421 416 26
364 107 23
186 424 23
46 186 20
232 234 24
22 268 9
40 141 31
358 261 19
353 268 22
328 393 19
228 156 31
209 405 26
72 153 26
49 187 20
128 148 26
264 489 14
134 236 7
7 83 27
438 450 21
175 108 14
190 405 25
16 348 17
366 401 27
82 141 27
237 462 30
306 300 17
493 12 22
450 276 18
349 397 25
168 212 22
441 403 21
422 91 26
439 479 17
397 331 11
387 484 22
319 351 31
129 49 19
64 436 17
448 273 22
139 378 20
142 386 8
328 94 20
201 251 27
367 135 16
432 124 8
140 51 11
188 197 16
283 405 27
250 10 10
283 190 29
461 65 33
341 361 12
0 86 21
418 371 25
352 69 21
294 257 33
85 488 25
125 52 18
497 203 19
480 244 24
295 234 14
272 85 7
184 147 11
421 135 16
80 41 32
58 48 16
191 194 20
294 351 25
302 35 9
27 495 12
50 201 16
264 181 13
441 145 25
422 419 27
488 283 11
481 389 12
461 297 4
5 411 22
203 244 18
490 357 15
107 428 24
195 367 12
183 429 19
332 387 20
278 254 16
249 211 24
197 283 17
282 103 13
135 364 22
396 13 22
118 65 20
132 46 9
88 11 29
329 154 21
382 50 18
14 488 30
448 81 19
329 15 47
2 342 27
83 36 24
130 90 26
76 258 11
246 5 18
131 419 8
171 266 14
30 5 19
472 432 10
366 200 14
402 133 28
495 31 12
52 347 11
453 457 7
187 239 13
157 451 26
221 299 22
253 497 25
464 426 25
58 274 12
458 109 11
125 499 18
357 60 14
310 214 14
494 29 12
226 147 27
210 294 33
361 479 30
303 183 15
450 80 3
419 378 24
321 454 28
228 423 34
179 45 14
91 263 29
134 352 30
35 88 -7
175 131 14
245 186 37
397 127 17
442 292 19
433 449 19
478 222 14
470 485 15
298 242 18
65 184 23
246 190 9
242 335 33
303 58 10
425 375 16
97 216 3
250 345 27
138 130 16
141 308 18
269 330 23
499 135 22
188 353 3
64 362 15
25 198 27
426 59 7
442 417 14
237 355 27
111 215 15
409 208 20
296 51 37
381 123 27
153 445 31
14 364 23
372 18 38
417 140 16
460 112 24
23 386 16
495 379 3
367 409 4
434 266 32
397 37 9
435 317 28
19 65 22
351 339 11
10 1 10
492 243 23
226 247 5
244 27 17
308 147 25
401 147 21
189 475 11
350 463 17
137 270 39
437 56 20
393 359 21
378 442 23
496 152 20
33 338 11
342 329 25
129 465 12
35 62 25
391 143 13
428 270 15
448 124 16
315 369 35
454 341 4
214 221 24
270 89 20
146 287 40
114 273 19
497 315 13
269 100 23
209 1 26
333 197 16
454 235 20
320 135 19
451 255 15
79 448 28
169 199 25
242 143 29
342 119 12
434 340 29
414 275 15
9 133 20
77 223 22
17 56 23
7 120 10
389 213 33
2 329 6
74 470 8
100 329 27
423 263 20
381 189 12
337 201 13
53 377 24
368 177 4
383 406 17
381 222 7
489 156 -4
304 401 27
199 412 24
421 286 34
367 374 17
357 63 39
202 306 23
181 43 28
118 371 15
248 178 22
371 124 18
146 315 20
118 345 5
127 128 15
130 351 19
116 291 23
94 91 22
227 356 19
254 330 12
457 421 11
289 138 30
294 59 16
429 492 8
33 215 17
72 461 24
461 350 20
354 47 20
64 426 30
248 359 15
231 285 18
370 94 31
175 105 12
309 170 12
45 221 31
274 240 20
94 76 33
389 360 27
351 201 24
210 363 19
437 335 30
473 231 25
261 237 13
274 402 15
135 361 11
411 318 21
20 466 14
337 310 30
33 84 19
208 333 5
441 120 24
299 252 15
192 402 25
153 180 24
230 331 18
310 243 37
266 265 14
273 259 29
384 212 21
233 296 13
139 224 26
441 11 20
111 162 18
488 66 24
274 471 8
96 364 13
178 193 21
472 244 29
445 83 15
22 207 12
288 246 28
191 53 28
417 91 30
309 176 35
159 115 23
196 166 16
164 356 18
411 446 22
222 473 12
82 312 25
147 259 13
99 435 29
184 34 13
362 246 26
1 307 29
249 9 2
304 32 21
441 379 20
336 138 25
61 115 25
214 236 21
414 347 26
179 133 8
343 180 14
398 367 14
45 426 36
198 66 24
274 317 26
442 497 36
428 425 15
193 379 28
491 35 23
235 313 26
160 61 3
6 189 20
457 327 15
405 24 32
457 240 21
172 445 22
143 232 21
325 1 18
37 68 13
254 80 15
412 314 24
45 398 20
170 146 33
490 233 31
214 113 21
359 144 17
11 194 13
271 31 22
210 198 22
65 252 25
279 132 26
498 305 23
290 31 19
163 186 22
470 275 25
10 405 11
95 108 23
38 121 0
326 96 31
144 46 36
403 213 15
38 99 22
393 348 16
194 69 6
278 269 18
306 59 21
56 123 21
164 435 8
122 444 13
412 103 28
151 145 11
321 226 12
450 66 23
263 144 10
93 33 23
431 121 33
34 283 22
358 65 11
237 97 12
138 15 13
4 465 29
220 141 36
180 453 29
75 463 23
207 193 22
307 461 35
369 12 17
65 421 32
496 115 9
166 222 19
121 230 16
323 213 19
320 222 29
290 484 13
216 193 21
256 179 17
145 492 15
320 189 16
337 82 20
127 265 16
393 414 9
102 80 15
10 109 9
276 227 17
408 391 14
310 335 15
199 268 17
246 321 24
51 67 17
112 335 14
243 383 29
350 165 27
124 471 26
64 465 8
310 375 33
148 356 19
207 414 16
436 142 30
476 475 13
6 377 22
11 351 25
232 473 25
363 328 12
98 347 25
424 194 26
93 405 27
348 110 17
179 280 26
13 221 9
276 127 5
169 315 14
369 316 18
406 159 11
187 103 22
300 89 26
240 480 10
463 134 34
374 294 20
266 382 18
405 201 14
71 157 13
36 90 1
419 68 41
226 370 17
8 137 25
454 25 25
2 454 27
78 105 15
172 51 8
269 369 19
101 236 4
288 373 11
336 44 15
204 469 19
248 273 19
306 340 8
270 42 12
402 125 22
481 342 15
48 240 29
397 237 21
472 281 11
254 116 36
64 61 33
344 409 27
460 165 4
278 345 25
353 456 6
164 412 24
432 395 31
296 437 13
145 438 36
178 329 31
91 153 17
89 80 23
208 145 17
356 414 10
155 73 24
277 284 19
250 289 25
401 368 41
225 139 34
2 42 28
457 191 12
380 98 28
220 495 5
411 251 20
176 348 11
17 471 30
488 370 24
35 44 11
195 181 23
441 342 14
408 69 28
426 241 10
12 62 39
80 302 21
486 245 9
334 301 17
337 77 23
102 229 15
488 112 20
79 309 24
106 430 15
327 4 12
11 230 17
400 96 31
450 301 25
38 71 21
495 216 17
480 494 28
392 362 24
308 6 28
170 139 24
59 21 8
57 271 22
191 336 22
491 286 14
91 377 18
45 318 12
73 268 11
308 306 23
249 283 9
92 271 22
114 45 15
97 10 15
114 69 17
248 18 34
466 57 19
357 42 20
467 338 18
64 314 22
346 415 23
175 294 35
196 353 30
362 230 15
100 479 5
242 160 25
473 91 12
263 444 24
135 472 21
340 498 19
419 360 23
229 257 23
149 188 1
209 285 13
78 257 12
45 32 17
203 248 25
149 295 26
379 141 24
310 24 24
108 291 19
224 23 21
348 314 33
325 399 30
445 197 20
126 431 23
100 98 23
166 125 18
265 443 24
274 139 25
491 359 29
1 270 16
413 399 16
56 395 16
276 193 10
122 13 43
393 70 12
24 43 13
279 378 24
301 479 7
250 186 30
374 342 12
137 473 25
78 471 16
424 213 20
255 17 22
370 453 32
275 264 14
272 494 15
392 56 21
216 456 14
408 3 12
46 452 25
457 53 22
473 273 21
4 135 14
498 285 29
198 55 30
0 398 21
458 48 27
102 467 27
83 403 21
332 366 6
72 210 21
293 105 28
467 354 30
45 239 17
212 186 31
487 275 30
492 70 25
177 144 15
156 329 20
186 459 17
158 144 17
114 318 23
483 179 8
13 452 24
89 108 26
233 210 27
484 45 26
173 347 23
319 367 10
416 215 28
421 198 16
285 354 18
485 395 20
423 196 21
366 166 8
464 226 12
129 414 18
396 252 25
340 209 16
398 102 17
274 234 11
406 430 8
147 397 34
81 463 3
52 362 22
7 232 17
398 354 5
292 164 27
214 353 12
32 487 20
406 402 16
152 232 13
290 46 19
82 244 18
94 190 22
351 191 32
50 254 24
54 189 23
429 443 27
235 303 19
454 403 15
492 370 23
126 453 16
384 376 18
134 340 22
386 400 14
3 139 24
238 484 10
184 267 12
187 17 19
341 325 4
249 264 14
235 343 25
116 17 10
37 74 24
395 303 23
40 282 20
385 344 34
141 131 23
487 482 23
184 86 28
84 85 12
224 93 29
79 247 17
129 66 9
483 295 15
76 105 28
125 130 16
75 229 16
132 388 20
78 407 10
220 247 30
139 311 13
1 232 9
429 274 24
219 38 24
76 415 11
425 415 13
305 103 29
451 484 10
168 435 7
99 181 10
88 121 17
96 315 19
7 180 24
367 365 13
106 232 18
375 22 35
235 300 9
154 197 23
138 431 27
282 386 12
420 103 13
348 211 35
185 209 13
407 285 31
4 266 31
270 477 30
135 291 21
409 379 25
318 380 22
492 30 29
352 183 23
93 127 17
331 455 8
396 330 -1
119 44 27
111 252 16
227 330 21
8 32 6
26 132 28
331 310 17
362 9 21
146 293 42
440 123 14
490 463 28
361 490 26
9 452 19
35 159 14
265 284 14
322 268 21
95 110 20
177 362 11
23 72 20
422 4 13
131 274 15
318 224 22
250 470 12
474 246 14
199 284 20
329 152 27
467 90 16
445 262 25
236 459 19
428 243 18
235 45 10
65 277 17
369 142 24
452 313 19
227 36 26
461 223 18
107 374 22
411 228 17
25 157 18
235 254 16
461 269 26
469 143 7
263 427 6
244 478 18
284 481 26
114 259 35
169 41 21
455 308 27
62 414 15
115 124 14
357 388 29
101 204 27
422 241 10
275 268 10
266 15 10
475 320 24
15 396 30
448 431 17
459 282 32
77 215 14
133 190 22
92 150 24
82 87 23
308 145 19
444 350 28
146 458 24
425 31 11
221 318 21
127 451 34
73 0 21
470 21 15
221 442 28
58 24 17
263 389 33
87 245 33
456 331 21
356 40 4
51 496 14
118 455 8
336 499 16
293 369 12
483 431 26
157 98 23
43 449 3
124 22 17
78 9 26
52 10 18
374 273 28
281 356 20
468 200 18
307 244 29
450 206 19
266 385 17
4 361 26
378 444 19
264 477 25
494 479 16
425 16 18
414 4 30
499 85 20
180 320 12
365 194 21
93 25 30
245 14 20
294 450 12
489 163 25
13 90 9
133 385 11
222 298 24
302 386 23
328 268 35
245 209 19
290 95 16
50 56 21
241 429 18
322 370 26
493 114 14
213 147 13
72 109 15
99 28 22
66 232 37
308 94 35
454 7 17
45 424 23
86 220 1
280 189 24
302 481 16
294 143 13
308 205 6
239 123 29
370 314 23
7 422 38
479 232 24
283 278 31
321 382 17
378 246 8
320 284 25
38 311 30
286 438 16
192 270 16
354 325 10
273 164 26
77 459 23
118 166 4
231 476 0
57 435 17
337 264 7
449 161 20
456 365 32
133 36 28
128 350 21
57 267 11
241 44 15
499 48 23
213 129 20
187 50 14
173 177 23
11 428 24
28 364 30
392 348 24
90 188 25
36 221 14
350 204 10
241 379 16
436 403 24
33 209 15
237 171 20
158 344 27
194 116 11
401 310 24
75 182 21
59 319 25
313 105 26
401 247 12
216 278 20
345 445 24
284 414 21
202 301 15
95 215 11
339 35 14
304 118 20
388 251 13
352 153 18
375 220 17
44 161 19
444 20 19
409 466 25
297 403 15
310 411 25
230 237 15
482 409 11
42 459 12
110 493 24
443 82 16
422 384 30
382 453 19
344 340 33
72 378 24
37 332 12
375 342 14
173 420 19
355 300 17
372 290 19
268 447 14
77 414 26
459 114 29
158 417 21
157 49 35
322 289 10
409 95 14
73 248 35
179 420 26
149 290 24
224 218 17
18 270 24
115 136 22
201 292 12
65 40 27
423 363 3
385 129 25
284 7 24
436 379 33
175 489 19
138 3 7
161 477 25
244 447 6
229 326 14
476 22 22
264 494 32
247 153 8
435 260 17
283 93 25
175 81 12
134 87 13
16 75 32
434 113 29
495 324 13
259 151 38
66 309 16
222 366 26
12 439 21
155 89 16
54 65 25
141 486 12
215 366 20
57 15 20
1 424 18
69 1 30
245 114 23
154 92 16
117 123 42
296 69 29
161 225 8
384 187 29
253 59 23
94 370 10
396 460 -4
231 155 23
440 464 10
347 364 9
263 300 33
440 167 16
190 112 12
104 92 22
133 29 35
379 225 17
486 414 15
36 129 21
389 136 8
40 52 26
68 126 19
163 48 18
391 125 10
271 57 9
312 136 28
305 64 12
23 458 24
8 432 18
375 284 32
55 154 27
458 314 18
383 202 20
265 263 21
462 413 28
37 195 22
412 75 21
423 210 13
74 376 12
373 11 16
350 176 1
497 48 18
228 456 20
68 62 37
463 216 23
296 271 24
472 361 26
141 294 23
128 46 20
373 486 17
354 297 22
31 400 25
107 449 24
43 92 26
239 334 31
416 49 21
379 30 27
68 299 24
445 376 21
347 181 15
308 104 22
139 241 14
310 448 17
356 190 17
113 81 18
231 257 31
107 358 17
161 417 12
479 209 25
468 165 17
402 307 27
202 307 23
338 474 16
330 176 15
382 436 15
128 33 21
129 333 31
204 202 24
423 185 35
210 412 29
283 189 28
146 363 12
218 59 26
89 77 18
196 461 22
314 35 39
371 62 28
133 493 13
321 154 24
440 108 31
413 492 11
324 290 8
135 77 31
224 265 20
222 474 24
172 313 15
331 401 25
471 255 20
440 21 21
208 77 28
46 349 35
354 31 29
468 333 27
101 178 28
65 74 25
491 141 23
330 289 17
115 412 14
1 39 10
464 59 21
331 321 8
447 177 28
174 337 19
148 4 25
362 198 28
180 48 20
87 234 26
445 17 15
142 95 7
323 224 24
386 362 15
193 178 9
352 471 1
224 87 17
110 4 25
46 128 8
74 408 12
262 458 27
482 11 18
485 348 27
177 175 15
307 92 16
166 305 23
426 175 37
40 440 16
445 483 23
291 192 26
409 476 5
101 109 20
283 473 15
65 299 22
331 165 25
242 289 28
337 361 23
336 231 25
462 355 19
198 161 19
95 12 19
405 85 17
240 433 21
257 448 10
311 135 26
321 45 33
297 373 24
276 414 25
33 258 18
447 333 29
93 58 16
225 476 22
78 24 12
476 65 16
262 269 18
51 451 17
280 476 18
462 89 28
439 397 13
223 80 11
351 185 30
476 130 27
342 374 20
381 455 20
156 244 20
394 12 15
146 137 16
343 143 27
366 62 37
418 472 20
73 477 21
493 384 3
423 172 39
268 146 24
466 492 17
494 304 20
36 37 19
264 423 19
341 231 27
156 315 17
136 407 23
298 7 21
422 415 18
41 164 12
350 76 15
140 125 23
288 432 18
195 299 11
306 155 12
41 338 28
303 489 21
256 23 21
447 134 5
158 243 -3
372 136 10
55 16 20
175 387 16
231 292 3
456 487 32
469 62 19
203 338 25
388 133 32
329 319 16
408 196 22
341 314 20
431 209 30
429 190 19
260 432 23
323 333 9
408 352 35
428 180 27
192 374 24
45 247 22
12 103 22
261 331 16
494 159 21
216 202 21
413 269 16
283 334 21
470 150 17
284 211 23
375 383 29
260 464 21
237 366 35
76 13 30
230 429 14
206 163 19
265 442 35
242 6 24
91 65 32
15 490 28
189 181 9
383 389 1
107 191 19
56 242 22
484 488 21
38 138 19
94 133 21
141 234 10
151 336 5
428 42 21
429 118 8
492 372 17
480 325 12
258 268 26
173 228 33
395 359 20
22 116 13
272 56 4
423 83 25
252 234 25
107 359 3
336 255 30
318 281 18
26 459 20
154 163 33
35 386 35
224 41 25
312 343 29
369 400 18
170 301 17
276 268 7
481 176 24
376 245 22
85 253 23
456 374 29
485 328 18
177 82 22
343 447 23
412 121 15
185 43 29
359 206 11
255 193 11
9 176 14
116 284 19
186 215 21
182 362 8
343 496 18
237 107 25
66 283 20
211 83 17
428 292 15
92 50 6
308 280 18
143 99 26
366 215 29
323 32 32
85 368 4
370 482 18
109 38 9
152 239 12
319 492 22
97 9 16
31 321 23
246 210 19
101 241 22
274 305 18
452 39 22
341 299 16
103 413 39
445 142 36
478 199 31
99 167 23
262 202 7
441 258 10
189 311 19
120 357 26
465 242 13
362 466 28
13 373 30
85 339 37
406 100 28
246 90 10
431 56 25
130 87 19
381 410 27
127 307 14
367 170 21
11 464 20
458 442 9
294 108 33
498 255 12
196 377 19
115 138 21
486 11 21
306 424 25
379 427 23
277 161 10
424 262 19
126 471 14
59 403 4
334 498 28
497 224 18
53 110 21
298 248 16
439 105 20
315 142 27
433 273 14
50 263 21
57 169 25
164 211 23
366 288 23
399 289 16
481 289 5
294 228 20
436 119 10
332 354 9
172 118 15
232 127 25
34 371 17
157 177 22
425 310 16
347 239 19
319 362 13
329 412 14
294 126 20
96 412 17
488 287 25
31 408 14
495 174 26
13 44 25
498 137 15
124 468 8
343 426 15
371 85 22
480 487 34
447 131 15
136 156 27
308 13 11
124 132 17
90 395 20
377 3 18
98 212 26
437 346 18
426 92 32
62 203 25
338 393 18
168 279 30
211 129 19
470 312 27
145 138 13
422 68 8
284 465 14
426 90 23
232 242 25
338 442 25
437 86 25
111 308 21
293 127 23
442 54 23
334 65 18
299 81 14
470 69 21
65 9 36
336 408 11
496 446 15
244 58 21
298 445 37
130 162 18
320 402 18
317 9 23
136 436 29
285 185 13
382 189 6
29 371 19
294 33 8
221 307 10
148 293 30
338 262 19
261 463 17
167 233 26
481 448 24
493 170 26
290 39 19
329 248 5
114 176 19
217 142 28
472 482 22
84 409 5
406 248 1
107 221 20
48 362 37
443 28 16
331 41 13
31 45 27
10 168 18
144 44 16
494 329 35
402 282 15
436 104 21
440 347 24
117 14 17
176 177 14
206 286 25
295 257 25
404 453 20
181 124 36
300 302 20
322 112 9
77 418 17
433 148 20
393 81 22
305 259 15
403 137 30
304 464 10
171 122 12
383 168 16
265 82 22
402 104 21
407 448 16
18 29 24
454 387 5
447 233 19
302 431 21
460 225 13
337 39 10
102 141 28
325 257 20
334 7 21
125 430 29
232 491 24
258 175 13
112 64 22
423 26 11
468 92 13
365 378 6
434 418 31
189 309 26
101 376 29
88 159 22
461 92 18
394 464 12
92 108 14
173 412 21
5 138 15
201 45 23
274 310 18
280 162 14
374 212 15
18 99 17
232 330 8
237 84 5
30 333 12
486 165 21
206 171 8
246 25 27
200 327 18
445 117 30
180 314 25
280 185 23
249 186 6
90 473 28
85 210 15
171 0 23
418 165 27
255 468 12
381 371 22
163 152 7
146 259 11
73 153 14
60 0 18
115 383 17
109 198 14
196 462 23
195 355 28
53 426 22
95 234 17
378 90 7
405 34 13
337 447 13
136 435 0
294 98 17
287 469 20
36 236 2
424 123 10
34 354 17
394 307 16
387 185 29
183 489 4
54 300 14
110 177 27
138 58 30
404 444 11
337 493 19
344 437 16
238 458 9
48 328 16
133 9 27
91 107 16
484 487 0
355 122 5
196 371 18
253 422 30
23 156 27
28 110 5
470 152 10
439 308 13
422 101 23
172 12 20
31 353 39
401 114 15
47 309 15
317 284 38
420 387 12
284 298 21
169 297 5
34 116 24
168 489 19
100 316 26
402 450 23
103 174 26
148 91 19
497 409 14
166 336 16
67 287 3
105 355 18
432 480 25
426 125 18
112 215 19
499 13 10
255 48 18
251 154 13
77 360 20
290 180 22
95 331 33
125 314 20
19 21 15
43 240 8
171 40 25
142 350 20
409 339 12
340 476 5
305 427 16
477 218 25
198 260 33
338 255 22
173 210 24
218 359 29
140 5 16
455 316 18
7 437 9
168 267 31
253 196 2
381 452 15
475 267 16
254 467 18
348 299 9
460 418 20
307 155 -1
433 199 7
116 493 10
353 391 31
159 415 17
236 413 13
274 169 16
108 456 18
14 285 36
104 383 19
269 349 34
5 298 28
462 104 15
210 428 15
53 116 26
408 29 14
211 36 15
336 488 25
191 443 24
442 222 18
164 273 13
442 402 22
307 200 19
170 256 14
29 1 17
210 336 19
12 25 25
197 26 27
422 63 17
303 118 14
354 391 28
356 476 20
92 205 24
470 9 22
24 141 9
201 118 13
171 37 16
218 184 34
274 479 30
448 312 15
444 348 19
68 390 19
203 42 30
314 477 11
448 474 17
45 416 15
262 331 18
324 499 16
258 475 34
33 322 22
431 466 14
356 280 27
413 86 22
237 208 17
315 129 28
119 210 24
369 110 12
442 350 28
329 46 20
233 254 17
176 168 26
124 236 27
182 192 17
46 493 8
76 414 37
352 330 24
473 354 20
404 211 13
104 471 10
50 132 16
108 169 26
130 434 21
20 272 18
283 192 26
486 257 30
90 60 15
67 326 28
216 77 17
305 484 20
359 149 34
223 246 10
277 22 10
172 140 13
274 290 12
192 30 11
225 288 22
58 422 10
174 492 27
148 341 11
405 407 13
322 396 9
280 335 20
299 351 9
29 387 23
87 284 19
450 487 10
499 394 13
47 102 16
37 8 3
31 310 19
375 158 15
284 353 28
22 244 9
406 53 34
352 449 20
20 177 30
398 331 14
30 331 -3
264 209 25
98 240 20
344 297 21
244 489 16
107 446 19
390 320 21
242 204 15
385 196 19
363 321 18
355 402 8
441 221 14
141 348 28
109 374 3
233 399 26
123 471 18
435 81 28
385 229 18
489 167 23
69 2 16
28 296 14
359 402 32
221 37 25
296 416 4
320 213 11
437 227 20
282 399 10
417 337 24
486 21 37
320 111 33
487 200 36
290 133 23
62 10 19
65 86 18
460 5 17
114 146 28
456 281 31
431 390 25
99 445 12
30 86 24
143 356 32
442 261 7
345 305 6
357 38 26
148 377 11
107 73 26
456 67 15
82 124 14
183 312 10
38 291 16
418 161 4
41 67 25
327 0 11
230 3 33
451 425 14
220 166 30
310 137 21
248 40 17
289 63 8
80 482 18
214 121 25
105 242 18
70 126 20
27 60 -1
66 110 22
27 317 18
271 312 12
37 192 19
123 121 13
352 43 26
244 123 14
442 326 20
29 201 2
338 105 24
176 386 22
361 163 14
412 36 21
310 163 30
38 381 26
392 492 16
252 349 21
59 115 21
5 439 26
370 368 22
124 375 24
217 176 10
65 351 9
197 304 19
42 128 32
299 319 30
166 7 28
131 133 21
314 289 10
56 276 18
108 359 24
406 145 22
238 424 16
165 420 23
255 72 28
134 368 12
97 4 15
114 52 25
253 496 17
279 383 0
50 167 16
198 430 15
293 495 28
134 42 28
427 297 25
434 377 32
157 97 17
393 492 25
181 198 14
269 484 23
150 293 25
440 334 1
239 237 13
90 348 17
248 294 30
476 47 24
67 408 7
421 222 20
280 158 28
288 399 16
480 445 20
131 213 18
374 310 27
367 266 30
127 432 35
61 378 23
245 56 19
251 112 7
462 147 18
387 404 0
129 375 19
30 421 23
453 407 26
25 2 21
220 99 17
3 254 23
61 151 16
60 237 12
442 105 15
254 201 18
399 363 19
244 348 19
139 26 5
365 73 20
376 455 21
61 12 24
123 454 27
184 185 26
135 53 29
461 81 3
372 231 27
39 208 14
467 374 6
210 490 27
144 71 28
42 394 24
92 262 20
290 65 10
220 43 23
16 63 29
479 94 17
138 44 21
419 235 27
267 499 23
268 225 21
295 230 14
357 154 -4
104 42 20
460 96 9
445 36 20
386 63 19
268 124 26
392 308 20
59 325 23
369 73 41
449 306 16
392 269 15
290 462 5
315 186 19
408 34 19
243 323 25
82 59 12
16 125 30
194 219 25
226 185 12
102 402 9
373 131 23
15 373 22
295 471 9
174 445 27
376 430 26
388 36 18
468 40 9
106 213 19
192 344 17
499 217 28
48 334 33
446 165 15
474 105 5
122 405 21
60 385 16
368 359 25
309 40 17
286 15 19
374 166 21
388 390 22
92 442 8
109 456 11
195 412 26
70 354 29
16 227 21
106 98 15
406 407 20
83 488 28
285 389 24
203 213 25
258 107 15
255 226 19
459 367 25
419 167 14
13 141 21
451 341 9
20 343 31
464 357 21
361 174 34
488 185 26
176 220 11
421 392 24
22 17 14
402 76 14
15 479 33
64 49 7
92 136 20
389 85 25
462 48 21
176 227 18
300 322 24
369 438 19
253 212 11
483 329 22
453 322 12
488 418 22
451 3 18
435 251 16
149 416 35
498 214 32
293 103 8
484 199 6
133 35 30
431 172 16
134 181 23
493 342 9
368 16 24
9 258 25
149 130 25
65 393 19
435 291 3
81 314 37
369 194 30
355 23 13
365 282 19
91 12 32
95 200 27
461 182 10
479 39 15
82 168 30
295 210 18
76 457 29
148 189 12
459 102 15
256 77 23
475 499 6
388 148 20
31 201 21
174 70 23
284 395 19
378 210 24
186 397 33
55 167 29
80 131 34
494 252 29
58 142 20
286 294 26
429 262 30
90 275 25
89 142 36
297 145 18
32 288 10
444 208 12
140 428 11
310 429 13
270 489 15
391 183 18
331 384 7
201 85 19
0 317 25
86 360 22
22 131 27
107 390 25
226 196 18
65 325 32
334 11 17
272 42 21
271 9 25
15 471 22
337 43 26
191 357 26
146 403 19
315 356 17
340 247 26
410 79 17
216 85 16
63 246 21
169 480 15
124 396 14
361 335 17
83 180 11
313 332 18
292 51 26
84 151 24
238 266 24
106 408 14
92 106 9
254 295 3
280 17 22
119 45 22
267 304 15
184 476 24
472 270 21
316 93 18
65 43 11
358 472 29
292 58 25
18 150 28
406 208 13
95 39 25
287 334 16
265 6 15
102 404 43
398 48 23
379 34 11
48 422 15
175 466 25
82 213 32
262 157 21
89 12 7
301 321 9
232 38 5
113 117 22
192 427 12
350 138 27
94 322 27
187 326 35
237 273 5
272 383 -5
367 5 1
7 115 35
470 202 7
130 45 27
102 314 12
432 200 13
18 159 34
225 181 16
376 421 20
346 49 19
158 150 14
402 143 23
326 273 17
490 353 17
162 257 22
281 401 21
244 147 33
293 180 22
349 477 16
44 328 11
72 368 34
21 121 15
85 68 8
200 386 17
308 70 23
199 425 2
84 383 26
448 152 15
387 2 15
160 101 28
383 459 21
133 423 11
249 323 17
183 358 23
261 403 13
9 453 11
90 111 19
101 150 27
204 291 15
123 462 24
142 254 17
344 488 17
298 397 15
488 126 8
485 473 22
111 170 15
416 180 35
306 170 18
331 280 2
308 277 33
387 363 23
143 492 16
68 47 16
432 1 7
428 253 34
57 162 17
355 224 16
20 376 10
241 139 20
343 284 14
31 135 11
164 5 15
437 279 28
96 275 36
280 41 18
299 256 16
402 227 24
49 188 27
449 397 31
86 414 33
403 38 14
101 112 24
81 131 23
476 177 27
354 380 30
445 206 13
153 284 24
343 30 17
88 268 20
377 47 28
148 150 28
383 480 17
52 14 32
424 40 11
135 88 8
202 434 15
264 367 27
473 184 10
15 160 13
393 259 29
81 442 13
277 463 2
200 44 32
88 38 11
308 228 12
354 306 10
454 268 18
380 373 9
456 81 24
79 258 18
246 354 15
77 91 22
150 180 39
297 401 16
15 267 26
115 306 14
400 427 33
48 21 33
350 211 12
467 436 8
32 61 19
80 4 15
384 164 25
169 57 23
108 226 35
7 181 25
382 214 28
421 326 20
441 66 32
321 462 23
68 446 28
359 140 28
159 183 0
395 385 9
451 169 28
130 181 44
239 154 17
362 106 30
371 50 17
80 422 24
485 403 18
121 398 30
393 337 17
276 150 19
298 70 21
219 365 24
458 197 34
232 92 7
118 47 15
341 414 22
39 446 30
390 372 5
158 376 29
233 367 7
233 242 12
241 319 11
375 178 23
142 328 12
335 295 24
314 374 19
457 170 17
351 266 14
298 368 26
186 281 33
208 456 26
185 205 14
244 499 20
437 320 20
425 40 27
265 330 20
155 364 16
276 76 17
258 169 26
234 401 23
470 196 14
203 470 9
81 468 5
154 115 15
462 446 15
415 220 14
396 108 7
467 321 30
483 112 20
373 459 9
262 169 21
335 99 13
357 121 22
175 58 19
436 202 19
406 408 20
422 22 22
196 35 5
262 240 8
390 406 14
277 194 20
262 412 19
333 295 19
486 256 15
243 371 11
109 353 18
21 156 19
488 417 13
157 141 35
26 51 11
472 18 10
391 490 16
123 445 25
120 249 11
252 116 16
453 366 18
301 158 22
433 213 12
224 401 20
81 149 37
279 354 2
435 438 27
331 19 4
67 242 21
198 178 30
408 245 20
274 428 9
367 207 21
281 392 7
371 67 30
105 255 20
91 398 11
1 217 20
347 446 14
408 422 27
358 363 13
52 450 24
8 188 10
245 474 25
206 141 10
268 293 13
420 425 20
480 91 27
277 10 -5
456 59 17
252 212 20
379 320 28
196 302 28
26 254 13
284 363 14
14 132 17
432 247 22
363 295 13
123 303 24
399 416 28
358 325 24
426 267 33
4 452 6
496 417 20
253 17 9
273 372 24
451 276 19
252 450 16
2 127 6
418 106 7
156 440 30
427 31 22
2 377 9
219 493 22
357 90 11
32 322 12
74 35 19
89 66 19
155 112 28
116 194 13
279 357 21
77 445 13
472 410 12
43 267 19
330 215 15
397 400 25
318 177 18
368 376 22
129 455 24
407 482 27
389 432 13
344 275 12
203 219 18
170 481 6
386 28 24
333 292 17
119 479 18
240 15 25
223 385 19
344 493 17
383 396 10
64 376 16
406 328 18
322 368 19
19 123 24
152 147 4
62 324 26
19 452 21
181 3 21
116 78 2
188 76 21
85 331 21
287 439 11
469 405 25
349 96 21
293 485 25
172 2 20
88 368 25
264 317 4
136 155 17
391 110 29
19 278 41
385 448 12
158 138 4
19 94 20
469 72 19
120 274 16
311 90 22
299 417 30
353 222 24
270 230 22
2 15 15
208 391 14
56 233 17
278 136 26
190 32 33
108 302 23
433 389 17
283 86 27
358 423 12
419 81 26
199 178 14
431 412 16
388 244 22
484 483 28
341 214 5
144 172 15
82 435 21
263 142 5
368 404 27
467 208 23
145 219 16
114 99 8
83 142 29
424 50 26
118 167 30
493 412 25
88 338 10
119 279 8
433 483 20
94 234 -3
410 208 28
321 423 12
339 387 17
121 195 34
178 489 10
121 497 29
432 381 17
420 3 27
445 39 18
439 169 17
257 177 34
396 24 15
416 11 28
193 481 4
452 187 22
386 345 23
273 71 18
433 86 25
469 327 16
45 389 19
268 477 31
303 110 30
283 418 34
114 79 23
337 445 9
32 331 16
289 472 19
255 118 23
442 199 8
371 482 12
498 297 18
100 154 30
292 443 8
164 91 33
412 195 9
402 495 12
416 439 18
393 236 31
364 436 19
108 468 26
106 169 31
325 226 8
174 175 7
428 364 15
476 197 17
322 68 13
23 331 23
376 141 25
229 276 22
62 176 19
149 100 18
487 238 25
351 378 28
159 141 12
0 282 10
221 174 23
376 390 23
482 123 22
442 188 21
480 395 24
104 219 25
312 431 23
292 288 9
328 124 4
380 365 19
94 443 9
407 361 19
219 52 16
301 186 21
33 8 23
268 395 14
40 168 36
316 120 33
256 290 16
209 207 14
337 438 7
298 431 28
499 326 19
326 266 7
255 382 18
140 345 13
449 303 19
448 295 21
487 345 41
324 497 29
40 46 33
86 245 19
275 395 24
97 6 11
81 444 26
299 246 15
156 466 11
376 163 4
496 235 28
318 109 19
223 429 12
259 263 16
313 381 13
480 106 21
172 88 25
261 30 19
393 17 28
305 349 35
408 417 23
185 375 23
35 432 36
402 96 21
224 382 43
486 346 7
365 414 28
46 123 33
171 298 31
129 401 12
458 370 20
259 212 25
490 35 22
238 337 19
173 373 4
412 420 8
373 353 17
402 124 22
499 358 27
405 28 4
191 344 20
414 224 21
171 30 22
365 243 20
168 154 17
194 389 9
186 166 16
11 487 9
280 78 11
484 52 18
77 278 18
244 107 9
380 343 16
38 60 8
224 243 4
36 87 28
235 433 -3
109 264 31
349 196 16
478 64 19
417 63 11
223 421 28
240 286 10
206 336 21
337 250 21
414 249 25
116 199 28
290 173 4
105 256 8
214 396 21
25 67 20
470 495 33
230 63 11
290 481 23
239 299 16
388 297 18
88 48 18
262 440 21
256 17 22
20 355 20
455 305 13
79 460 6
353 328 16
262 234 25
302 239 23
286 322 15
197 278 12
377 284 10
324 236 21
259 273 18
202 323 38
208 52 14
467 498 29
483 387 8
250 152 32
176 225 24
118 384 26
90 362 29
296 420 20
329 156 21
154 224 21
184 294 18
147 186 21
80 335 13
227 367 20
334 213 20
433 83 14
194 86 15
256 248 15
42 222 21
388 91 -1
463 44 21
443 397 25
17 93 12
398 338 28
262 300 12
41 114 32
105 144 16
328 326 14
249 271 15
82 113 19
492 9 25
361 413 31
56 231 24
469 168 10
250 163 30
32 391 34
252 81 6
369 435 9
131 116 23
164 246 14
457 2 21
155 259 24
10 321 28
93 313 25
88 404 18
41 189 9
125 292 7
318 485 12
455 292 11
40 396 18
296 9 7
276 417 27
223 368 4
3 8 27
363 327 14
263 490 19
26 175 25
497 186 19
94 321 14
287 24 34
132 231 21
411 301 28
171 208 18
352 436 24
260 350 19
287 354 1
447 315 18
135 87 23
397 394 9
232 319 18
232 496 19
7 413 14
188 185 29
228 108 28
254 46 33
330 218 4
463 211 13
410 11 10
89 58 14
175 469 17
352 259 31
441 353 23
94 432 16
402 19 23
148 491 4
161 494 19
360 416 15
159 125 19
447 37 27
486 406 23
215 322 28
336 329 15
370 292 31
483 276 23
50 215 18
248 415 4
148 70 19
200 451 30
184 436 18
310 93 19
18 338 22
90 168 21
320 445 7
145 472 13
365 424 21
189 54 13
336 164 24
352 209 28
469 484 24
189 19 23
201 59 16
102 7 14
91 40 24
423 380 12
491 484 8
233 339 22
247 89 23
227 144 26
427 221 3
277 259 18
117 61 18
41 109 18
419 213 24
197 162 27
399 415 11
153 374 33
476 343 15
492 459 22
76 215 8
313 302 30
121 191 21
193 435 21
331 295 22
347 356 17
77 150 12
17 274 30
217 468 14
382 114 33
278 212 25
436 218 11
81 102 13
208 486 -1
318 129 15
162 193 16
156 464 25
232 114 24
109 284 16
316 379 29
118 304 33
236 318 18
22 245 28
305 467 -1
290 435 7
286 267 31
331 327 17
229 114 24
216 263 21
444 222 23
113 320 9
422 271 19
232 46 18
385 331 24
149 485 16
396 3 6
112 418 14
474 249 17
234 99 16
20 433 14
383 410 16
317 301 19
274 130 17
236 203 21
342 22 26
38 128 21
180 236 18
435 166 5
311 100 18
395 86 16
264 438 10
46 67 34
481 466 23
141 144 39
19 99 17
247 396 22
330 468 12
187 48 9
354 439 26
52 262 33
244 37 14
433 35 26
99 112 23
167 402 21
339 452 18
306 329 14
324 0 4
451 201 15
459 191 6
33 399 23
265 493 20
355 387 18
353 306 3
231 117 14
358 411 29
241 301 17
202 377 9
220 273 39
471 223 21
107 335 15
8 272 27
412 411 19
24 133 18
55 28 11
364 177 24
200 292 34
59 178 9
118 231 27
153 287 23
154 45 16
173 363 11
484 336 28
15 306 20
339 89 15
248 460 11
168 252 19
449 149 13
488 75 15
100 285 24
453 112 10
402 377 -2
491 198 8
463 358 14
458 290 19
76 446 12
23 171 4
67 4 22
87 246 4
154 192 19
76 280 36
224 277 22
379 48 17
100 56 19
67 119 21
90 207 13
436 66 19
223 21 20
284 217 24
257 263 27
56 128 25
435 211 19
30 90 23
189 80 20
489 453 23
199 494 19
123 271 33
482 423 17
25 421 16
255 423 21
58 296 35
146 309 4
70 316 10
52 72 10
201 4 24
215 457 11
433 299 31
71 260 15
302 41 41
257 195 11
358 23 14
98 179 12
339 201 26
332 242 24
154 336 12
231 123 23
81 120 10
377 349 11
401 132 21
230 345 15
425 62 24
6 46 16
351 343 19
432 50 11
351 423 21
37 266 17
325 53 18
247 68 15
148 171 18
165 263 18
395 483 15
442 412 21
124 363 9
84 296 11
198 208 1
394 44 11
346 299 25
490 314 20
460 395 15
321 70 18
497 440 22
275 407 4
391 132 19
376 86 23
248 86 24
133 239 12
168 124 28
238 278 17
429 476 12
64 330 1
307 283 15
123 61 8
396 372 28
476 432 21
176 443 20
443 274 15
460 231 12
115 86 8
106 248 7
77 90 22
217 81 11
375 422 9
32 442 37
391 352 27
301 376 14
191 91 16
441 32 18
19 304 35
220 2 12
122 255 12
190 4 30
113 185 20
223 247 33
266 117 23
4 94 10
292 253 21
378 7 26
272 450 16
337 161 12
478 97 12
428 175 25
226 476 21
200 110 23
98 216 21
492 457 2
361 459 22
200 398 24
182 411 13
372 494 26
248 325 17
303 87 27
94 62 4
305 174 13
367 264 22
28 103 25
450 148 26
440 116 12
82 220 18
316 115 25
99 379 24
433 362 23
187 42 1
141 353 19
73 14 24
72 192 25
5 286 24
470 119 29
73 236 24
315 383 20
49 325 26
193 183 16
267 290 32
165 170 18
161 474 14
303 375 18
174 164 26
470 372 21
476 38 16
352 184 23
6 494 23
28 433 13
277 408 8
452 76 10
81 262 20
115 479 19
181 135 15
187 363 21
235 73 6
80 421 27
3 236 19
49 455 14
281 397 11
156 312 14
74 193 21
276 142 16
350 21 27
355 389 11
246 487 12
407 225 8
339 291 23
304 414 14
245 251 26
29 74 27
493 226 17
335 436 22
37 260 17
139 243 18
331 200 11
122 383 20
168 6 22
109 490 3
483 445 10
258 380 13
250 253 34
222 246 15
316 58 31
338 159 6
304 210 14
56 468 28
91 356 19
160 307 29
426 450 16
27 94 14
9 268 14
211 287 13
77 315 31
76 202 26
169 214 21
198 440 18
469 472 20
93 78 22
24 238 14
18 20 15
409 363 31
247 476 6
447 277 23
493 33 10
6 150 37
93 233 1
165 212 23
64 412 27
174 163 25
436 253 24
449 240 12
199 54 15
31 18 25
21 73 19
489 281 24
5 78 29
7 171 31
239 243 11
125 70 16
319 318 12
276 353 14
237 58 6
242 269 18
40 165 21
335 51 20
314 87 -3
436 164 14
265 76 35
496 416 16
417 166 21
141 166 25
256 375 10
182 27 14
330 32 15
402 266 21
256 115 16
220 263 24
177 153 12
422 428 26
295 124 9
2 321 18
344 171 19
320 384 13
494 440 8
315 57 18
344 420 34
446 382 20
89 121 26
453 117 19
331 306 26
113 210 37
356 23 14
179 47 8
66 279 24
118 336 17
309 203 11
336 208 26
474 94 19
234 331 17
474 167 16
18 293 28
254 449 16
341 383 27
386 206 32
365 303 19
370 158 20
4 438 15
243 244 21
490 290 29
139 324 23
159 358 22
302 313 33
232 365 12
359 304 15
66 434 34
259 49 29
438 287 29
473 469 28
491 62 1
85 174 29
157 269 14
433 122 11
326 168 36
67 429 24
343 368 24
461 180 4
345 339 19
35 100 24
249 378 20
96 136 12
89 381 15
360 481 10
164 215 15
30 295 26
401 60 28
319 206 28
207 74 28
48 370 12
332 21 28
138 389 27
22 142 27
98 120 30
48 427 15
379 258 26
387 172 15
227 259 0
470 194 28
2 478 27
340 410 20
498 320 27
214 59 11
75 18 32
232 263 21
200 308 18
88 360 20
4 107 16
456 250 24
262 20 24
253 246 27
63 428 26
324 77 29
468 383 20
187 370 28
139 403 7
364 373 27
134 473 20
470 51 18
466 436 23
144 56 38
33 125 26
490 325 18
81 15 17
138 143 21
44 293 12
391 450 18
67 469 17
433 363 17
337 106 13
403 180 20
276 118 24
75 491 17
373 228 25
392 124 12
206 402 18
152 138 20
59 334 23
165 140 30
36 388 12
161 311 22
390 242 16
203 245 30
403 139 14
170 259 16
