4000 3000
858 20 18
313 3935 19
608 1437 24
3489 2456 22
82 1461 13
3341 1732 18
3043 2508 22
3714 435 12
1249 3515 32
2015 521 24
2380 1966 15
3805 120 30
3243 158 20
3572 1363 25
1612 2198 22
582 1227 18
3541 754 13
705 949 27
3751 2691 20
1563 1832 20
511 1513 7
375 1843 23
619 3749 12
3988 2600 21
1889 3443 20
3204 3121 2
3618 1148 11
1071 2054 18
1051 880 23
1461 310 19
2783 1818 19
2417 708 23
159 216 14
2443 3959 6
3495 2876 21
43 684 24
2211 635 17
2440 3406 6
1348 1185 12
1688 1316 24
1515 3185 8
791 231 18
2409 3126 30
3439 814 13
3357 3858 16
159 802 30
3870 3425 13
1446 2021 15
1393 95 -1
342 1916 17
1412 3457 12
866 2468 25
3506 497 21
786 2363 18
1592 1131 22
250 2886 10
3375 3899 13
1366 3432 11
358 3297 13
922 3858 10
552 637 18
3950 1441 2
2257 3188 23
3367 92 6
848 263 20
2181 743 22
2885 3421 31
2228 1515 22
2951 241 17
3281 3755 27
500 1524 26
2806 497 18
309 2485 10
3016 681 39
839 463 27
3133 830 16
454 22 27
3767 2732 17
1237 602 40
1897 2290 20
1917 1465 20
1338 2607 29
894 43 21
2615 1214 10
2358 2749 19
3292 2428 18
3514 1711 20
3820 553 29
3740 2965 15
3252 167 28
485 1521 30
365 1785 21
633 3195 24
2745 2949 13
3351 313 40
995 2130 5
2680 550 27
2689 2986 13
686 1230 33
2899 3257 29
36 2096 17
3747 1739 7
2753 1690 11
3012 689 30
3174 2864 24
1332 540 21
2637 3014 17
284 1760 16
1546 3136 19
428 946 18
843 3256 8
545 1258 29
25 408 21
1729 1345 22
343 1563 25
2747 564 23
2751 3728 1
426 3038 8
426 215 16
2256 673 30
1222 2721 12
1564 2013 18
1663 2387 19
614 1399 16
3032 1507 22
656 3347 23
1969 3289 21
2820 890 13
2752 2831 18
3162 1333 15
3386 2385 12
2557 2087 3
3709 1782 8
3368 2766 5
2919 1116 19
231 3674 14
191 2511 20
3557 1381 21
2004 1843 3
1559 2093 9
81 3071 23
620 3330 19
3821 1099 14
2859 2148 28
2678 1296 19
274 3754 33
1440 3032 26
1946 3921 9
3008 2594 6
1895 2937 9
71 3361 9
3846 1884 17
3138 1517 19
2675 890 19
3286 3337 21
1112 2147 24
2591 333 10
1845 944 26
1484 3512 21
2942 585 26
2447 2321 16
1842 1186 5
3880 2609 11
1386 2506 12
399 1458 7
1266 2077 14
1462 378 20
1726 2928 27
1067 1442 16
1993 2555 14
2327 1331 32
3544 2711 8
2972 1898 12
603 993 1
3222 2196 15
3725 3413 21
733 146 23
2974 1888 26
1094 3206 18
3136 180 14
3751 3683 16
2788 3490 29
183 1703 29
645 1431 17
3017 203 28
2148 1585 23
1632 3790 20
58 2099 18
2784 74 28
477 148 7
1858 2913 17
558 3948 11
188 230 19
3097 3285 27
1183 2943 5
529 621 8
370 3457 20
2710 2161 23
2298 311 4
464 259 16
308 2715 19
2962 3589 15
246 2235 16
3642 603 19
1747 309 25
2253 3917 20
598 1978 17
477 3298 11
707 2606 20
548 2533 25
3291 1606 9
3624 290 7
1014 2664 22
3479 1013 -1
1696 869 13
3380 215 27
2469 277 3
312 3732 32
2687 3681 17
494 2777 16
596 603 21
490 65 17
3801 669 13
3202 2914 25
762 3384 19
614 3082 16
3761 2525 15
115 631 22
2305 2168 28
3154 3499 13
3592 1249 27
310 2536 22
349 3687 17
157 3794 14
3569 3144 19
3148 753 20
752 1622 21
854 3756 27
1727 2803 26
19 3182 2
1693 2741 29
73 3227 7
2246 3796 14
908 343 5
782 1957 22
3969 3809 10
2940 784 33
3068 1436 21
23 2904 35
0 2656 1
660 1936 14
375 231 26
1763 701 11
821 911 1
2926 3766 18
3962 3990 28
3798 2820 22
1103 1628 9
507 355 17
549 3428 16
3538 1887 34
347 3154 21
2990 1848 32
535 1773 20
1145 3358 25
1705 2622 14
2905 2132 18
973 2639 19
3438 272 13
583 2605 18
1136 761 29
134 3750 16
2163 3783 14
1379 2411 1
932 647 32
193 3086 29
522 2772 16
1452 709 38
1607 2430 35
3484 1029 19
1975 2822 14
830 2845 22
2203 3620 20
1728 562 15
3992 2603 21
2422 1667 11
127 1759 20
922 449 10
3186 371 25
139 3682 18
2864 2130 22
3874 2623 11
6 604 -3
3936 1461 20
2669 3525 20
1164 773 14
3921 3193 28
3152 2517 18
2570 212 17
2975 3711 32
3349 3215 31
210 3697 32
3506 3688 9
485 2086 30
3078 65 29
3867 726 16
1446 2251 36
3422 219 21
2370 781 13
3075 3315 6
163 2813 18
1033 508 27
1709 1507 21
3682 3716 39
808 1365 25
1553 669 15
1549 2503 16
2486 982 26
1990 2962 28
3452 3144 31
1326 1277 18
367 1722 17
3460 3676 24
326 3118 23
99 1981 31
1928 2151 17
366 2263 19
3490 846 31
78 3012 22
1496 3392 19
458 3424 24
2738 3434 14
535 2456 19
802 2834 19
796 3211 23
3460 2976 23
2058 404 28
817 2313 28
2601 563 21
3060 1238 19
3563 3328 25
3394 3945 23
2111 3939 30
3512 39 18
3991 3726 21
667 349 26
3019 2792 14
3387 3769 21
3055 3340 12
3675 3323 11
2692 1866 5
3373 1283 25
994 1331 14
505 1138 21
2895 3004 24
3553 3214 11
3858 761 5
1168 1682 9
1179 1615 15
827 3514 12
3314 341 29
2273 3140 15
2557 1909 24
2026 1906 30
663 904 14
2378 2214 15
3896 1022 25
3772 901 18
3217 1523 12
2376 1044 19
1134 1402 22
447 3517 21
884 2902 18
2331 2634 37
2978 539 23
2306 232 12
2225 113 21
2466 2662 22
822 2609 12
2739 2835 16
2301 2789 19
2331 236 13
1290 2003 16
2018 3197 28
3881 92 9
3388 1399 24
2757 2458 41
3193 2033 15
3149 371 16
363 1820 11
813 2780 32
2283 589 12
130 1273 11
32 2377 13
2230 3225 22
607 1057 10
3564 2774 25
1144 3084 17
1989 1536 15
3512 3689 19
1453 636 23
409 2334 27
3463 32 18
2939 336 21
1299 1139 14
650 1222 11
3815 2769 13
1361 2279 17
976 333 9
3507 2443 32
3126 3097 13
2965 934 34
1227 2732 19
3894 1801 14
2313 1337 14
1469 3144 22
1700 742 30
1723 88 20
1898 2700 20
3303 3121 31
2796 3974 20
475 2923 17
1121 24 20
3784 1913 22
3075 3566 -2
296 2249 19
3655 1293 38
860 2805 18
1327 2927 36
2013 1954 30
1022 1866 16
2733 3092 12
1364 2725 13
2391 755 13
1511 3420 16
3953 554 14
3339 1817 27
3066 1827 25
1516 3196 49
1854 907 19
1073 436 27
2799 852 13
1273 740 24
2250 3995 15
796 2239 18
1551 3972 26
2702 3360 12
2788 1742 23
2799 3625 22
64 3492 15
3644 3457 12
306 513 28
3343 3576 11
3668 3618 18
3136 3115 21
3894 46 13
2664 2394 14
1253 392 17
2713 143 15
85 1406 23
2747 1206 39
2005 2495 14
65 3147 15
3411 3778 18
3367 3096 15
683 1052 13
3218 3956 20
571 2178 19
2428 240 12
1963 2960 15
2943 2243 18
2309 2849 21
3161 2104 10
2956 2093 15
1489 3890 9
2504 1485 36
329 1420 9
3526 3197 38
1853 2709 16
866 2715 22
1221 3309 28
3967 325 25
1135 3110 20
3531 2015 14
1734 2179 2
2750 3850 23
1711 1339 19
3576 2445 21
617 470 15
232 3152 17
1226 782 26
225 1115 20
6 1136 11
2880 3765 16
1328 3055 27
1329 2141 25
1155 3578 29
3823 1423 38
261 2109 18
3621 1254 22
3142 1310 20
1960 1374 11
591 2549 17
2998 1174 40
3907 1834 23
1554 2790 19
3645 1308 8
2766 2682 15
1058 2312 15
2515 772 21
2063 3571 30
3687 3588 26
3380 2800 35
3562 1932 15
2001 922 19
2993 1858 23
154 3784 18
833 724 13
2992 1285 23
2421 3988 10
1794 508 18
2478 2770 17
3958 3434 26
3545 1381 21
1710 2526 24
3727 1730 7
869 2520 15
281 2301 20
1221 2602 16
1954 3386 30
3571 2482 19
1848 3276 20
3361 2519 10
2367 563 27
3396 2487 9
2523 1113 10
963 2562 17
3800 1728 25
1849 2195 23
1757 3726 22
2256 3868 18
1412 554 16
3512 2953 0
8 2197 26
1339 479 14
334 2057 19
2968 1785 26
1506 2542 15
3559 3059 11
2107 1199 20
1307 2392 20
2199 3446 22
895 2662 31
3777 2385 21
2683 1549 31
2445 2895 19
2767 1807 16
2090 2003 17
1577 3311 19
3923 3515 27
2825 1949 14
3650 373 13
1182 170 14
1647 2218 21
1784 1417 22
3444 2037 15
1039 2378 31
3837 2536 21
3704 2989 27
46 3939 21
131 3716 17
3354 1425 21
3907 1015 24
3030 1448 22
3251 3244 26
471 3180 11
2010 1458 25
3157 2479 22
1766 3283 11
3762 548 10
2687 3726 13
1852 1311 19
3750 3728 28
458 2870 20
1782 2395 24
2811 2530 19
2085 2658 20
1892 2246 13
3746 819 28
2773 1561 28
2308 3847 35
103 331 14
599 3396 26
2433 2965 32
1695 2406 30
3571 1939 26
279 3066 18
2613 2435 27
2838 1985 30
1575 3063 20
3043 1185 16
1873 1559 16
1741 3481 36
583 3599 19
734 3338 12
2278 3688 20
3648 3444 11
2599 1541 17
1636 3583 21
2809 3394 20
519 2322 19
3223 3496 27
2959 2070 29
108 1483 25
3593 3220 24
2134 3824 13
3405 1991 32
2852 2610 29
1782 158 22
272 1934 24
2395 1753 12
446 1989 19
2827 3433 26
572 1111 20
1586 2323 9
3554 3304 12
980 2734 8
1745 2174 21
2287 800 31
3327 3501 21
293 2109 21
1599 2034 23
2506 3748 25
3919 506 22
2495 591 28
627 3716 16
3218 1066 25
2048 3550 30
2235 2599 19
330 2167 30
229 1022 24
1650 844 21
84 1816 27
510 2846 19
3044 1553 18
995 1680 19
2253 1397 21
221 3591 23
2464 3811 19
1250 2310 34
513 2939 28
2015 1842 28
235 593 19
2102 2352 18
2845 968 21
2023 2375 9
1557 2291 14
2380 3177 29
2050 540 25
2632 3879 12
2602 3713 24
1768 1717 17
719 2289 12
65 1964 12
460 3437 19
2071 1378 19
3383 2152 21
2002 3539 16
1406 1959 11
3175 3707 37
2604 1570 7
3063 1977 22
2850 2016 22
521 3534 19
768 1694 15
848 1467 20
2075 2696 15
1577 262 17
1094 3518 30
2427 3445 6
2347 1040 27
3958 2640 28
3217 98 17
1792 3806 21
3551 144 31
714 772 31
3961 3701 12
2040 1297 15
2624 1563 5
3296 889 -1
1284 2986 5
1278 2948 19
550 855 17
3534 2592 10
1424 1717 21
2989 281 27
311 1791 25
3661 3014 25
731 1416 19
2662 3967 20
1176 3081 23
1103 685 29
2859 3542 24
2978 1482 21
1745 1339 17
2744 3596 18
2574 44 27
2795 71 16
3201 1454 7
911 2294 23
3257 3885 11
2246 3190 19
821 3292 8
78 2930 16
3263 315 25
1778 2168 12
2046 3961 14
2029 663 11
3164 731 42
668 1772 20
1761 2108 20
928 1823 19
940 406 12
3084 1671 25
2804 1935 22
1128 923 15
2244 1270 23
1455 2845 25
1326 330 22
105 54 23
92 797 13
775 2414 22
3188 369 17
1316 2990 22
3605 3964 27
1960 2729 32
2896 313 21
3766 299 20
1968 1282 25
2659 659 7
3795 3788 16
3352 2798 21
1152 2149 13
1098 2347 30
1400 2161 16
2246 1029 14
2014 1781 16
3997 989 31
214 1209 15
1861 3062 16
806 2276 19
390 2001 26
364 594 10
1396 1391 28
3998 1359 16
3946 3798 14
3791 2619 26
689 2732 6
2922 2822 20
3256 2233 17
435 19 18
90 745 35
3883 3320 31
2173 3847 29
2346 1948 31
82 1469 24
3806 1722 4
1096 2801 26
49 2989 22
1642 149 29
1277 3761 14
1249 2292 15
456 2934 21
2338 1631 10
1843 1407 29
3018 1415 19
3992 1887 21
961 2783 23
2602 2844 14
2458 606 24
2489 2063 11
2639 3291 22
1421 2113 18
1350 1103 24
648 3663 28
2720 855 28
2831 1064 18
962 3034 -2
2662 2395 14
2690 3277 14
1969 658 12
682 2908 31
3079 2613 4
1395 2623 24
965 632 16
1385 1280 33
1001 2833 17
172 27 17
2955 1901 20
3739 3802 38
1534 2906 25
2111 1121 16
2561 223 27
2639 1641 17
3681 2699 20
2765 1441 30
2930 3934 21
533 3935 22
1853 3361 22
3596 2173 21
996 3857 15
2851 3864 33
1059 3867 17
179 2860 7
2993 3424 18
607 3961 26
894 3922 21
711 2952 27
3810 311 33
672 934 21
2408 1729 17
34 2740 34
3411 3365 23
582 1153 23
688 3342 32
2479 993 13
2759 3481 19
250 2770 7
2477 3141 21
1544 487 20
2093 1048 23
1847 1964 14
3857 1635 23
3152 1140 15
110 3886 25
420 2676 5
2769 721 20
3406 1988 33
1507 3029 29
469 2205 8
422 1942 13
3752 699 26
2774 3363 24
2018 2171 34
458 3420 11
1447 975 15
1704 773 35
43 3218 24
1697 828 3
744 3596 9
1995 3244 13
3469 633 35
2595 1397 21
3456 2460 21
500 238 34
1354 1993 17
1608 2948 24
3319 669 27
3852 2595 35
370 2248 14
424 3148 24
1079 75 15
3439 700 35
2976 2057 24
896 1272 24
3564 3798 14
2648 2290 12
1791 1901 20
2694 1306 6
1373 3747 25
732 3592 14
125 2280 21
3763 231 12
2572 583 18
2272 2488 23
3551 2279 14
604 1285 21
3338 1711 24
3224 2595 18
2879 3296 34
1704 434 30
893 1169 34
171 903 15
1080 658 12
1441 3427 23
1359 2548 20
3045 3674 14
2248 3348 6
1417 3748 27
377 2459 28
2051 3333 28
3540 2719 19
3500 2637 16
2924 325 24
538 3657 28
1367 467 41
858 1162 31
1175 2217 3
3445 308 9
3294 1876 12
1987 548 17
3869 3302 18
2964 752 36
3305 1063 13
1338 3300 24
768 3876 22
2745 248 9
1599 888 30
766 3942 21
2719 3981 31
1245 509 23
3489 2583 25
2236 3507 17
278 3345 16
3509 3429 18
1224 2389 33
1819 107 30
3543 1804 19
1388 3918 23
1657 1051 26
2137 1589 16
1112 495 15
2382 1090 28
253 3083 21
2910 682 24
771 3401 20
850 2849 20
3974 1339 15
3615 1239 7
1675 2704 27
1475 1737 18
1400 2825 28
3412 2526 9
3274 563 20
3427 3866 5
1067 2784 24
1043 1688 8
1636 3015 6
2874 1310 36
185 575 20
2041 2761 8
3466 552 32
2388 2019 14
0 673 11
712 198 36
2966 779 28
1730 306 26
86 1886 28
813 2426 35
766 2679 30
2983 1363 14
3404 2722 22
99 2559 28
543 2751 17
2133 1934 18
2531 3347 20
2836 3963 14
1487 2858 28
18 1971 20
1153 2190 26
2716 1971 21
3428 2157 9
3065 363 12
3659 3158 12
2472 3133 34
1769 713 22
2908 552 11
26 1890 30
2223 1767 29
643 3107 22
1603 469 26
1324 3941 30
1145 444 17
850 768 20
1030 204 32
1559 3038 15
325 3755 37
468 941 34
2379 1760 15
2018 2320 11
3420 3875 19
1731 3181 18
88 1882 18
3746 2603 19
3829 3872 18
3861 1428 19
2824 1185 31
924 2707 25
923 924 23
1344 3063 25
2901 2655 7
919 1294 21
695 526 21
2396 3082 20
315 573 15
3832 3007 23
2453 656 26
2174 2818 9
1907 2177 16
2408 2091 21
2463 1338 15
253 3987 20
3545 502 33
1548 3126 6
2879 1156 20
1417 3964 25
3220 168 11
499 1920 26
650 1514 17
3467 1534 18
2956 3387 22
1711 3986 15
3887 2655 25
3648 3702 25
3890 3861 12
2880 795 7
2642 2675 13
828 2902 14
1903 3690 25
364 3390 22
3014 2714 26
1552 3371 22
3530 2326 18
1267 983 28
2605 2978 21
586 2496 26
1239 1303 24
2819 595 17
2050 2909 9
2647 2374 20
2952 219 22
3091 3485 27
2703 380 14
464 501 24
2572 2783 21
3282 2894 25
2352 3543 23
2279 3914 19
294 3592 30
207 2741 26
68 1353 25
306 1131 17
210 1008 19
2921 2618 29
390 3148 11
2857 1600 13
1563 2252 19
3745 637 2
610 1815 18
197 2495 21
985 2351 22
2129 1720 22
733 2697 25
1647 1404 38
3969 3690 20
624 2048 30
179 3051 15
2256 3676 14
2716 3605 26
3444 745 26
2878 1061 28
1036 3620 15
662 3176 34
755 2568 27
601 3615 13
2412 3319 15
3352 2556 26
3396 1138 23
2366 3523 20
3157 3195 20
2478 1962 23
3678 2458 13
2183 1240 5
890 708 25
161 1774 24
3742 2239 28
1157 409 19
89 3266 20
1041 286 16
193 2884 12
3776 479 40
3712 2584 13
2568 3190 10
2422 3275 29
1848 1958 21
3709 3976 10
908 166 20
2671 709 31
2604 1633 9
3795 221 14
2714 1619 27
1784 3339 10
3187 1033 28
1785 2828 24
3500 1252 24
440 2017 15
3894 2038 19
292 2730 9
699 1314 21
2229 2827 29
3361 1344 22
2316 1898 12
2628 1686 18
374 750 17
2237 383 4
3751 3553 20
2367 2376 22
65 1775 25
2934 365 14
3564 644 2
744 1568 25
3517 3537 15
2197 418 17
3313 1064 14
441 231 14
1040 1115 32
3814 2198 27
1068 3936 24
2764 2182 11
1409 1167 24
3795 66 35
3797 2913 6
3645 2790 13
1140 2810 26
2587 2644 16
73 761 27
135 2283 28
55 661 22
1731 2449 20
1466 3576 39
398 3004 21
2837 1199 26
1345 2419 13
2225 1512 31
2735 1258 17
3303 2341 29
2962 1937 22
608 3824 31
941 2725 29
2113 3276 6
3189 3094 13
2089 1297 28
1472 2614 35
1701 3002 17
508 2220 8
1672 3490 22
2771 1935 27
1266 746 31
2729 3974 22
1676 1361 14
506 302 18
1575 1179 17
2641 1448 22
2571 3589 15
1478 3771 13
1576 2037 21
2966 2118 25
3747 1129 9
3278 2408 28
2242 1832 16
1405 2169 26
3046 802 33
1197 1809 17
1099 2989 14
543 271 12
571 1412 16
2505 2403 11
511 3526 34
1804 2087 18
3316 1927 23
1252 622 24
2818 128 13
159 852 29
2100 1649 38
2173 3759 18
1727 1211 19
534 792 20
1930 2244 20
3793 327 14
3448 987 19
1452 3277 42
3307 1120 8
1399 2781 27
1138 1044 31
3036 187 17
2213 796 25
288 1021 13
3045 2749 11
801 1418 8
1663 414 6
183 1214 23
2632 296 24
1493 516 17
3455 1320 29
3174 538 32
1450 3158 5
708 1246 15
1509 2599 14
2706 978 21
1773 3182 30
347 2780 30
87 7 -11
777 2453 33
1190 1583 16
2255 2912 24
2510 1090 32
1148 297 30
951 1064 15
2237 3224 20
2300 3982 27
3220 1548 18
2288 2926 8
3373 3077 8
3165 2511 33
2328 1082 9
1676 1515 19
3147 207 12
78 1586 25
3033 167 26
2528 2458 29
1378 3817 19
14 1709 16
3647 2746 17
1776 991 23
1664 2756 10
66 614 14
1389 1844 27
1282 3227 35
16 498 17
788 2168 20
3977 3741 13
3081 3351 33
2166 3553 34
2233 2455 32
3725 511 14
2922 1367 25
2910 392 31
2760 1369 27
755 2530 15
2092 1024 10
880 2657 16
3192 3441 -1
3637 3022 9
3365 473 16
3400 613 26
3190 1399 30
2779 1046 11
524 1970 16
1396 3495 10
317 3298 25
1645 3609 30
874 1087 20
1565 895 17
2783 2052 15
1747 254 8
1199 3341 17
1720 3406 16
2233 345 23
3599 1526 15
3810 846 33
2829 902 5
2659 1 22
3227 3549 13
2446 3326 15
1575 1214 38
1573 1507 15
483 2205 17
1970 677 26
2434 3379 23
1949 1220 17
2175 114 26
194 1122 21
1425 2490 26
3108 1888 14
3073 455 16
2609 1288 18
1225 2391 23
1399 3261 23
1239 1289 10
405 2104 38
2401 433 15
3671 1044 43
2421 1042 28
1075 1869 12
478 3141 18
3206 3329 18
829 3761 15
3833 723 28
1938 2419 20
2111 3171 26
3058 984 14
1846 1942 48
112 3070 28
579 627 13
214 3574 18
2872 2436 15
138 1540 19
2768 913 30
1484 989 12
3567 2888 13
3860 2535 37
2243 1687 27
3894 3548 23
3527 1231 8
3039 2054 23
3069 3587 19
758 1188 26
1441 3207 9
539 1006 18
664 2803 23
2092 2362 22
1646 3175 22
1831 3488 31
1009 3925 35
3617 56 16
1628 1411 9
3130 3449 7
486 1613 26
1703 3078 9
1155 376 20
371 2888 35
956 3251 32
3654 345 23
122 57 19
3532 2432 21
1874 280 28
2881 3250 25
1751 540 27
1268 2502 24
2742 1900 -1
3908 3574 13
3940 1972 27
582 652 23
3043 221 23
2276 1064 13
988 215 31
1957 729 15
2114 497 -1
1482 2786 26
3827 2459 16
3980 661 22
3095 938 24
3617 26 17
129 916 12
695 489 11
1387 495 12
3381 2987 14
3932 2742 11
1342 3036 8
1475 707 24
2382 1612 21
1658 3317 15
1149 1816 20
2661 3244 32
601 2197 23
619 1618 22
1098 2678 16
832 2378 26
761 3687 17
1957 3595 12
1899 3108 35
715 3796 38
2064 949 23
1615 2857 3
3943 28 2
637 1263 14
3486 638 35
449 2294 19
2994 3064 13
2877 2815 17
1061 245 31
73 2031 15
1758 2446 14
2123 2022 29
1498 3712 22
2136 1607 38
50 2072 22
2444 2551 25
1174 1299 15
974 540 4
1105 3780 12
1999 3422 18
2730 1294 18
3721 616 25
638 742 11
3265 1351 22
3657 3186 39
838 2089 11
167 3720 18
1766 2044 18
2188 3654 24
3535 2452 20
466 2836 33
3749 3677 15
17 839 19
2216 2768 24
608 3987 24
835 3560 21
590 1950 29
1259 1121 16
2468 1630 23
3935 1018 22
2534 2332 29
1606 1619 16
2160 1363 9
1174 1583 4
3898 3664 19
649 659 20
2197 627 16
706 1897 22
2317 23 15
1030 3794 31
338 1795 20
1662 982 19
2845 3515 16
402 161 32
3067 3103 20
2474 3521 11
826 2527 1
1288 3616 17
3131 3829 17
3251 1074 16
1892 630 14
2935 1619 19
1789 691 22
111 2729 20
143 3922 11
1914 1420 15
1402 3728 19
3563 3570 24
169 2555 16
2408 3018 15
364 2835 28
3850 742 19
1303 2786 25
2308 1936 16
2078 568 25
2968 1969 10
3704 1530 27
2081 39 10
3684 2925 35
2479 3065 17
693 3083 19
288 2161 32
1366 3122 29
767 1149 6
3215 434 3
736 3692 13
3616 2509 16
1504 3217 14
2018 728 26
3303 1310 7
1995 3384 9
2826 921 8
3041 1180 20
1003 796 10
2714 804 8
3557 56 2
2798 2110 28
771 3900 35
3316 1018 12
3881 424 21
2364 42 18
1092 3678 19
3344 3986 22
3022 2593 7
3669 1639 11
1959 1687 21
2921 2323 18
923 1703 16
164 3438 16
2624 731 30
1369 3046 8
2876 174 17
1848 3332 32
2438 204 13
558 124 22
1322 2320 21
2361 3994 16
2932 1882 13
442 1220 21
768 3502 23
340 2158 16
2007 237 16
1094 2870 41
3540 3526 27
2502 3582 25
3664 1683 19
598 2449 29
949 1965 8
2836 800 25
3975 3667 27
611 3584 18
3544 1006 23
3841 3663 22
2438 1416 25
3035 1604 10
1107 1134 32
2403 2597 33
862 2637 22
1351 1298 13
1660 3429 28
1363 2125 13
1603 1904 4
2056 734 11
1015 3204 18
2319 2706 20
812 1150 23
3859 3263 26
1472 2459 14
1782 526 22
636 2524 15
3574 570 25
3764 3972 18
3177 3921 17
900 3992 15
2402 2545 27
921 3178 14
421 1743 19
1100 2029 16
1929 2770 18
1041 123 18
483 787 16
1704 82 17
2632 2986 25
2229 2618 31
189 3615 28
3227 742 24
903 3887 16
3913 682 11
1130 1673 -3
2324 1596 24
2016 1261 25
2588 1942 13
2558 3408 10
526 2097 24
1236 1558 20
2654 554 30
3403 1494 24
1450 1088 17
2790 3482 20
476 1267 14
1315 2235 0
3142 3687 16
1433 904 18
1925 190 18
3898 2624 12
3487 1217 18
816 50 16
839 1751 4
1600 2980 20
470 108 6
1356 201 12
1585 299 18
2506 2761 25
2759 1636 22
3056 3676 34
3570 2470 11
2666 2926 12
3571 933 36
479 2301 28
2583 3541 13
593 982 28
150 1452 10
1051 2971 18
2064 2883 19
1075 2623 17
1951 3450 17
2172 1182 37
2165 1896 24
801 3915 23
3157 3215 23
214 3475 20
3203 714 19
1598 2323 23
1839 2420 27
982 2873 13
2867 3114 13
2292 260 16
2804 2701 13
2695 3431 16
3038 61 27
411 2469 27
3434 3518 16
2900 1782 6
1202 2702 30
3750 1307 11
681 3930 15
3829 2010 20
2277 2492 12
3912 1371 19
1502 3450 32
998 1674 9
1660 3507 19
104 1156 16
2450 2524 19
1366 987 29
1343 1588 4
3922 3799 15
2795 572 41
1210 2355 11
3208 1956 21
1448 618 15
3046 3255 5
1788 1849 19
3597 3871 31
3802 1681 21
1579 1918 22
2094 3318 15
2208 2566 30
3252 1674 29
2182 2833 19
107 902 28
2651 3287 4
3423 1379 24
704 1132 21
665 3613 15
1520 36 22
2578 1726 18
3225 3093 24
388 1910 16
2542 336 26
3974 1251 4
1332 1122 25
234 3816 18
2281 1475 16
3214 2056 4
26 2828 11
3683 3241 11
1715 725 13
3729 177 17
2843 245 38
3402 3092 33
3449 2674 23
868 1744 13
3418 1551 21
487 3018 6
2136 2032 29
2682 2969 14
2290 2905 8
2073 1859 16
2070 2386 11
2654 3587 34
2583 3028 30
316 112 17
1185 3720 19
1980 3079 21
540 1998 22
2692 1069 12
874 2976 14
3495 1141 30
848 176 18
1468 2993 16
765 3562 26
3289 1126 21
3843 3430 16
3403 2332 10
2294 2693 14
651 2787 6
2706 3853 17
1641 3799 13
3709 2084 16
2672 1003 8
841 2195 11
3751 3682 22
2129 451 29
3980 2544 1
3951 1727 29
2463 929 19
430 2218 26
2831 1577 11
3059 1775 26
1652 1277 6
3999 2720 21
3004 1435 14
2407 3216 23
1078 2070 11
190 2750 11
1525 748 23
348 1930 18
1809 3536 25
1704 1512 12
241 3276 22
3020 2689 13
3611 1781 18
2948 983 5
597 304 28
98 2278 6
1504 1193 29
3517 2270 13
1336 417 17
1028 1803 16
2063 1266 16
80 3776 -2
1332 3815 9
483 3182 17
1997 3804 27
3116 3722 27
2588 130 35
703 3050 21
733 280 22
1276 2936 8
3036 1803 27
431 448 20
1482 3575 24
1836 1968 24
2610 531 22
2744 2047 16
2550 3644 26
3095 664 24
2279 654 36
3915 2553 34
2616 674 13
2873 2627 13
3041 3580 20
1821 3554 13
1571 1198 13
3803 3233 12
1654 3938 22
2978 3120 32
814 2511 13
140 2751 15
3576 2177 21
1848 3092 13
2029 3333 17
3288 701 15
577 1483 3
539 2532 22
1726 822 31
2271 3450 27
256 314 35
3149 595 26
3161 126 17
218 2324 29
3855 3754 28
3743 421 24
1017 3169 11
3016 742 21
1376 2666 18
1137 2234 14
1045 1540 22
2817 2312 20
2945 2689 27
2985 3800 20
1676 1379 22
1795 2646 22
660 544 26
820 1037 13
1683 2239 12
1388 2093 13
3195 728 12
3458 3494 20
3131 2744 14
2330 3914 3
1753 3322 33
3802 233 9
2989 2257 16
330 2438 21
1542 1171 23
3632 398 13
3149 3238 28
350 407 15
1167 3841 18
3376 3226 20
2100 3439 36
3180 750 21
1376 395 26
2022 2340 23
160 663 13
2690 3887 16
441 3276 6
3891 1686 14
181 3688 19
3571 3139 2
596 2303 6
1832 2178 12
1774 441 14
447 355 13
599 2511 28
1395 2517 16
3419 3051 14
3557 3277 3
900 2091 21
387 3452 23
2463 2662 16
1286 1188 21
2658 1620 19
56 3278 11
2985 3855 15
3852 3928 10
2623 460 -4
3681 2719 19
2342 2806 25
3073 2276 22
2875 2087 15
1951 235 15
1239 3309 22
758 3767 10
2186 1222 24
419 3246 26
213 2328 14
3946 1490 26
3113 3845 9
3100 3632 19
3624 140 18
3896 492 26
851 1685 16
780 2159 17
3297 1786 15
3469 705 16
1029 871 15
2331 3855 1
1930 890 34
2720 614 26
216 1667 6
1295 3861 23
654 1445 22
2694 1199 20
3079 2547 38
1102 70 25
2039 2003 25
1335 1104 28
2637 1886 34
2495 1446 21
3057 2397 26
2752 1139 17
2739 593 41
3984 3076 20
2588 1959 29
340 2693 30
1663 3169 10
3295 2405 30
2400 1378 19
166 728 23
1657 2144 30
283 699 21
2886 3700 14
983 595 16
930 918 18
1391 2669 20
1481 3662 8
1541 1409 23
3726 1711 12
3266 2793 25
995 1438 27
125 963 18
3279 3986 9
2066 2077 9
1184 403 22
1068 1073 24
1136 1077 5
263 1518 5
2337 1798 24
1820 2418 22
233 1319 12
3246 3853 15
1053 3954 26
2577 1961 21
2678 3223 19
1049 3895 8
1669 3231 24
2034 3996 26
3009 3877 24
3634 1764 10
284 1974 20
841 3740 19
1977 284 27
3749 2954 26
1507 837 19
1500 1580 13
1138 663 23
3192 187 11
1237 600 7
749 2709 25
3509 2047 29
795 599 27
469 950 16
785 3283 25
3234 705 2
3779 1859 19
1215 1598 23
944 898 6
1834 3861 35
1125 417 23
2476 3093 16
1246 3754 27
548 86 26
2463 1129 21
491 509 27
3520 3209 5
2448 3637 13
1946 3628 35
547 1999 26
3070 2371 13
1194 3012 24
2253 448 23
3893 859 5
631 2982 29
3414 1855 24
3608 3632 25
2809 3305 2
942 3739 17
930 100 19
2627 3913 22
2029 3019 29
1513 2652 15
2291 2729 21
2717 2008 20
2243 1887 19
3110 2084 23
2155 2462 16
3060 2153 20
238 616 21
1123 1297 21
1100 3603 11
1495 3529 19
2655 261 25
3488 671 34
2426 344 12
3285 67 12
778 2647 33
2266 3529 14
3382 3391 13
2684 1734 33
2209 1727 11
3312 2542 36
3652 2199 17
602 188 22
3670 1852 25
1538 3338 5
2342 722 20
2973 3955 21
1116 1680 25
3660 3416 5
957 3071 1
1635 3304 25
3482 838 21
1972 1551 20
414 1280 31
230 25 36
1272 3996 35
3581 675 14
1018 1069 24
1319 1584 25
428 3255 31
1724 2339 22
1717 2992 15
3293 770 9
3153 960 4
502 2292 11
2169 1089 19
3645 3491 22
3712 2271 29
594 475 19
2163 3768 9
3135 3720 18
2454 1244 20
472 219 22
491 2701 20
2105 2790 16
1483 192 39
2045 1503 16
958 1651 30
2356 3757 25
39 3431 21
2371 46 12
1437 231 14
2205 519 8
2935 3939 21
2745 2556 5
277 684 26
1735 2652 12
3441 1762 13
3604 2183 11
2356 130 22
2937 258 24
321 3554 35
2008 3473 14
1783 2697 29
348 1917 19
1839 1299 19
345 1165 26
3786 2981 33
2329 210 25
2179 1619 22
902 1492 20
447 2620 13
3704 3573 24
1830 701 27
536 2772 16
2654 243 24
3814 2010 20
352 1786 9
394 3502 14
2899 3824 24
2103 1394 21
2416 2242 21
40 2282 19
2182 1582 12
614 2173 14
3 165 23
192 3188 28
1482 587 22
1585 313 29
2972 1621 24
863 121 15
3185 1353 37
2968 3170 26
1437 1409 13
3316 741 7
1901 2216 12
1816 3444 -13
3657 2586 19
1258 400 18
1724 3877 23
3888 1230 14
3943 1472 36
3167 1191 32
2219 2967 30
2604 3408 13
2108 2063 27
2243 2208 24
1254 1179 13
3501 182 19
1799 758 18
3899 2933 18
1878 3694 29
1036 3457 26
3909 97 28
3333 65 14
125 2977 19
1344 2850 19
542 2116 6
2359 3522 14
2359 73 27
510 375 12
3551 3248 12
1265 2050 17
620 3097 17
1763 2109 8
2473 320 20
3091 354 32
3468 2973 21
3593 1434 8
3750 571 17
2304 2312 21
3211 2052 33
3017 3494 31
3514 2328 16
1482 1616 20
3947 3974 23
3594 3136 26
833 3601 24
3890 1866 30
2751 1884 25
3083 1105 16
1425 1821 7
1378 2978 28
2125 1201 7
2599 1183 17
2312 3419 6
3310 1350 18
2323 748 14
1781 3755 30
2675 1675 11
43 1667 21
2731 2151 25
1860 261 24
1972 321 22
1571 1385 15
3845 1100 21
2162 2634 19
3533 1326 4
3485 1717 16
2944 1985 15
1664 1951 26
3307 1335 25
3683 3524 22
3311 331 15
2270 719 6
2248 3610 6
230 1925 14
1360 451 16
1314 3850 10
2514 2906 16
1194 1699 10
3923 3381 24
1806 3650 20
355 2682 21
2946 2163 11
2851 1529 21
244 1627 12
350 326 21
3376 1776 29
853 82 13
1518 230 23
2947 2172 32
1198 3256 25
2237 1912 -3
3259 544 10
723 1612 30
3434 2362 36
2254 2926 6
3993 1573 19
3666 647 19
1138 353 15
475 1938 17
327 112 17
1921 1916 29
509 3012 21
3910 2497 15
1250 111 17
721 745 16
804 3396 32
1008 2125 17
2215 854 13
2392 667 4
1105 626 27
42 1 30
1238 3200 24
2648 2505 25
273 2724 12
286 1944 11
3523 608 17
1568 2083 11
2164 1296 7
436 1569 15
2959 3951 31
3464 2551 9
809 633 31
3783 60 18
3913 1244 27
1173 2485 7
848 1481 24
2348 3448 22
3321 3802 22
3766 277 30
895 2571 21
297 2604 9
2117 3612 14
3287 3470 8
2616 3534 29
2665 2913 15
1969 2182 25
1987 3737 38
2322 1993 19
1701 191 8
2182 222 14
1702 3246 16
675 2255 16
2584 1328 17
1736 391 22
169 2116 20
737 84 19
1949 91 18
928 2406 14
183 1942 6
2595 2030 24
2734 1737 13
3586 896 12
2430 806 14
2706 3373 33
2562 3384 -1
2309 1597 17
2550 477 24
2052 3540 31
2762 2273 26
2145 2725 33
2299 2341 19
3362 1936 24
3515 819 22
328 735 21
3587 3466 13
3545 767 28
269 3282 32
1123 2046 22
235 1956 27
1118 3341 13
1388 2410 26
975 2207 7
342 3554 12
1281 3687 26
3083 3964 15
3979 93 21
2726 2103 20
1678 633 11
2365 2279 25
150 726 4
862 1426 24
2838 1712 8
851 3949 22
302 3558 21
1888 1155 5
646 2296 2
3265 3982 12
2578 201 23
1103 1371 26
1517 925 35
3705 426 27
1120 2108 13
1677 428 23
1338 909 15
1070 1507 11
3139 2892 24
2926 2768 38
1263 1887 17
1267 1749 11
936 791 14
1090 2053 17
3940 3933 25
1676 3115 12
3011 3581 14
3902 2789 33
2671 131 23
1791 3907 12
475 1856 22
1934 3560 27
3974 1189 13
2917 3719 21
1143 773 13
3290 1862 40
2676 2967 16
2316 2843 15
258 91 13
1963 187 18
3583 3959 22
3963 2111 24
2186 2032 28
1197 2629 8
1513 2251 20
3533 3775 30
1468 1729 4
1563 141 32
135 3375 16
37 2906 32
2049 3171 27
1236 1927 29
3700 2373 26
929 3376 8
88 2205 25
2720 1311 19
3884 1976 9
1211 2516 19
90 163 32
1401 2270 -1
3061 3149 28
2043 3936 15
3835 1321 19
251 1452 22
308 873 17
396 3114 15
1395 804 27
2815 18 44
3250 3536 19
3450 3565 31
2327 3464 22
352 1847 5
756 1574 16
3501 2560 9
2912 3529 13
1049 1093 6
1824 848 20
50 2619 19
370 445 21
538 2686 22
1100 1557 21
3894 1495 12
1718 183 18
726 1118 25
655 1742 20
250 504 -5
2888 1332 28
1870 3768 20
2055 2868 1
506 3518 21
2144 3612 28
2143 876 9
1330 2046 32
2966 2358 16
2020 1453 18
501 643 26
1224 2752 24
2953 202 11
2618 1806 15
379 2486 22
3680 944 19
1325 2978 22
3400 2786 30
1916 1437 26
1454 1442 9
2333 391 15
53 687 24
1249 2706 14
1823 2818 11
1055 2365 24
1895 1318 9
1463 1365 20
1943 3101 38
1261 3920 6
2448 923 26
417 2914 14
3574 245 21
2433 1986 34
1922 970 32
3735 1982 30
3023 996 17
474 2310 25
583 2046 24
2152 685 17
84 1656 14
1919 2701 17
3264 1050 21
2463 32 11
61 110 1
1479 1981 21
2390 904 27
3560 2498 24
3107 1789 15
3120 1107 28
1126 1554 14
797 2808 20
746 1649 33
583 362 18
2724 897 14
3393 632 21
662 974 23
471 957 16
1769 710 21
2703 3626 25
3216 377 20
2986 2786 21
361 888 14
1505 2680 17
3356 183 15
138 594 34
796 523 21
210 873 17
2650 1502 28
611 1836 23
672 454 18
3228 2441 15
999 2031 13
1132 2381 30
2358 3678 15
3805 1159 29
1726 2622 36
2294 3389 26
1465 887 14
1556 3810 16
3693 2295 30
210 797 10
1704 109 27
3843 3688 39
3650 2920 24
180 79 14
1577 3532 20
3438 2526 19
573 456 36
996 2167 3
1491 1833 25
2001 3627 31
712 3999 22
1808 3727 20
100 221 18
2166 1736 38
178 2846 23
3139 493 13
122 1260 14
2853 2632 15
930 3759 26
1969 1803 23
1833 1324 21
280 3030 22
20 3816 29
3686 281 21
2101 3246 39
128 1399 29
2886 1894 24
164 3495 25
3181 3774 22
3566 717 37
2968 1349 9
1519 3717 15
3168 3754 13
3030 1688 31
2119 545 4
713 3941 9
2939 189 24
2314 185 25
1065 3961 27
1135 970 12
3497 533 22
390 235 17
39 3053 24
1055 604 23
248 1218 31
3623 240 22
3444 2178 23
2502 2944 17
3407 720 18
148 3865 17
293 2257 24
1251 827 17
3324 1835 24
1661 3703 19
262 166 15
3656 1327 23
3742 3790 2
675 2808 34
2920 2446 28
40 3450 -2
3219 3733 18
2058 3726 22
3736 853 27
1110 2943 23
743 2056 29
3774 1726 24
2672 165 7
2754 442 14
3869 2194 27
3588 2133 4
3275 1738 16
2321 530 20
667 520 26
1311 1960 12
3834 1197 28
3604 1880 30
2830 2964 7
2545 1149 19
1478 2040 10
3444 2470 19
860 278 23
2035 3059 19
2930 2247 22
3855 1666 22
3872 590 14
368 3414 12
765 1734 17
2369 707 24
24 3710 23
819 3172 3
2410 3880 4
3700 2082 14
753 999 16
2840 1564 15
3628 3515 7
590 3 16
1908 2676 30
357 401 17
906 2737 25
449 2950 31
2275 1076 25
2201 347 15
1017 2921 12
1987 742 26
1320 3197 17
198 2588 10
1228 2870 21
755 2556 10
1260 1913 21
2326 2424 25
1560 1361 9
692 818 18
908 966 13
2252 2688 23
1580 1447 13
1976 3145 21
3112 2624 30
3275 774 10
1143 2339 21
785 2241 20
733 99 18
2771 2488 30
38 3572 27
3091 1210 23
1802 588 12
3146 776 10
1449 2981 12
2574 1237 20
2094 600 7
1488 1286 5
2919 664 27
937 2292 40
3483 3600 20
731 3861 12
254 3836 23
32 3982 21
3831 213 10
3481 3895 17
2611 2693 22
3129 1851 26
3225 643 31
568 127 14
3267 3671 17
2263 3223 20
2711 3312 2
3470 2347 20
3490 250 18
2449 1908 24
2304 1636 14
52 321 35
158 1927 19
3536 1591 10
394 2411 23
683 2331 15
1863 1483 5
3089 3952 13
3979 2309 25
1889 2452 29
3461 463 16
2268 627 23
2455 1128 20
1829 1656 0
3048 1681 20
1146 1213 18
3485 1372 28
1406 2223 19
2566 3050 5
2890 619 28
1140 733 15
2458 2216 15
677 257 29
1295 2107 19
3675 289 21
2434 1866 17
3904 724 18
2663 2325 34
1387 1386 23
110 57 18
2542 848 17
582 515 33
939 945 9
917 2868 20
1462 3582 26
3572 3898 27
1078 138 27
983 2492 26
61 1674 -1
1196 1074 11
231 117 20
1980 2884 28
3149 3783 16
1981 3645 22
1886 44 18
353 2339 22
1250 1735 32
2089 2056 35
2954 2848 11
1115 3086 26
3409 1667 19
3223 2315 4
3290 2459 27
3572 3910 37
2166 2872 29
2952 3703 29
2557 3679 15
3044 2696 24
340 2889 19
2017 2340 25
2292 37 16
1672 175 26
2992 1253 17
1786 2253 12
3847 1304 17
753 1873 19
3647 3123 18
3616 1794 21
3404 1675 4
3896 3671 19
3240 1304 31
3903 1819 10
2682 3860 3
2904 969 10
850 2873 17
479 1744 22
456 3750 30
2668 1199 8
1730 2010 23
781 1210 17
2028 823 13
2221 2099 35
1919 928 28
3826 209 16
1340 698 5
88 2812 26
1616 1582 22
1528 2062 19
1250 19 3
962 2252 19
3016 3220 22
2655 2347 13
253 1216 19
135 570 19
609 3857 17
850 2924 19
1054 2080 17
1101 3878 20
3293 1726 17
2986 2721 20
734 722 28
3213 1989 15
1650 2715 18
3077 2799 15
2162 3285 22
3927 2210 16
3682 2430 23
2675 977 22
3912 1681 24
2321 1584 12
911 1813 0
3021 296 22
2949 1244 30
974 1345 19
1685 1452 16
1164 162 37
1256 2690 14
3711 2390 26
1073 2092 7
2375 61 17
1039 3005 22
926 3629 20
1705 1639 14
3447 2443 23
2910 2711 17
2635 936 14
2820 2017 28
3656 1095 28
3749 2270 17
3361 2179 23
2645 1283 17
1936 2462 32
1655 3404 17
545 1619 29
3515 3924 34
3423 3182 9
644 3488 18
2953 3481 20
721 3804 12
320 211 18
3620 1982 26
16 2640 33
3912 1095 10
3516 2206 21
661 2573 12
349 478 22
2091 3306 21
1514 322 15
277 151 23
2386 3089 15
839 308 2
1601 3491 26
1404 933 30
2477 2617 12
1357 3104 28
42 3660 18
106 0 26
3188 3979 14
3757 3331 18
2626 2870 12
3835 1288 23
292 95 22
3424 1808 19
1284 1705 26
181 607 11
2855 876 30
636 3195 25
3403 2670 12
1535 2956 21
584 554 34
2260 2872 23
1149 357 1
2816 573 24
936 1218 16
209 793 26
3150 1266 23
3304 483 13
421 8 19
944 1079 15
1371 3114 18
190 3698 36
2010 3405 36
2577 177 10
614 1851 26
945 3926 23
2107 720 26
2353 2690 31
1425 2905 16
494 1339 21
1914 435 17
2287 807 13
2592 2641 28
421 2543 23
1929 3830 18
778 189 12
2292 54 38
3670 3623 25
2836 40 35
3668 2113 9
144 3837 21
1584 2411 9
409 1927 19
792 873 14
83 3889 23
990 2636 35
3875 1055 17
3711 1808 12
3778 712 34
3427 2921 19
354 466 16
2300 3052 28
1683 662 10
1487 1290 20
2347 1026 30
3180 3464 27
3485 1690 17
171 1239 9
726 665 23
2393 1637 22
1665 1927 30
3093 18 29
2323 945 28
1953 3850 31
1957 3072 17
1678 1181 25
3787 139 3
2065 155 23
2447 938 13
2708 2618 12
977 2518 14
1458 3234 16
815 2387 26
2430 1069 16
1765 1082 19
3451 2549 21
51 1267 18
3769 656 12
325 2071 11
3382 1239 25
2566 591 20
982 1345 24
1654 152 24
263 2186 21
2124 3470 8
2673 3488 25
1435 1677 7
329 676 20
311 3156 10
338 1091 22
1831 1407 19
3303 20 12
2196 1450 37
618 3436 30
97 3930 31
1317 1242 15
3963 304 15
3878 1139 21
2148 219 27
2308 301 20
3255 795 26
3454 2306 23
3562 1765 14
2497 1995 7
1163 1437 19
544 2822 18
3813 2490 8
443 144 22
794 2342 19
3131 2027 28
455 795 24
2513 1721 28
133 3078 17
642 773 17
2822 2196 14
1450 544 31
3027 2416 12
734 1346 13
883 1489 38
3862 1296 13
2986 591 31
307 3822 16
1877 752 28
1921 2213 27
1486 1232 18
214 381 33
1094 825 16
947 483 9
587 2315 26
2624 2020 11
3617 53 20
5 407 29
2272 747 18
3075 1103 16
183 2930 19
2012 971 10
3294 1797 29
3118 3013 16
1244 687 15
797 2836 19
3092 588 21
2938 3126 16
3363 713 15
2716 3194 22
529 3834 26
2132 632 16
695 2654 16
2476 829 3
2978 2835 24
1335 1020 18
472 860 16
2880 1980 22
2928 3348 29
2437 3563 7
3895 42 14
1988 3756 18
3023 868 18
1466 3104 27
3163 2133 21
519 2209 35
2193 2642 38
2614 2409 0
671 3518 8
155 3987 15
143 2386 22
727 480 25
3077 2166 13
1712 814 26
1149 3141 31
1947 3714 27
335 3053 13
3092 2111 24
1101 1772 33
1730 1324 23
1793 947 24
2422 2930 17
2769 39 9
3530 155 13
989 1146 7
3459 596 25
3101 534 21
1904 3019 41
3333 2930 21
998 2594 15
536 2170 -4
2523 1423 29
862 2769 19
1531 1705 23
1953 195 14
2842 1888 14
319 3825 14
1877 3876 16
3253 15 27
2004 2923 13
3638 995 16
1034 3240 25
2480 1830 20
1811 3949 23
390 3621 20
1717 322 3
2797 2596 21
3676 316 5
964 1849 16
527 3699 23
1442 3014 22
3369 2827 25
2052 3348 26
2963 995 12
3719 3459 25
1482 1923 30
3274 2696 20
2350 317 15
1870 3255 29
3116 2791 20
916 1887 22
1338 2229 28
3257 1217 22
3361 2099 32
3417 1175 19
1481 3481 20
2871 618 5
3508 1215 9
291 2205 19
349 1565 15
3942 1689 21
1804 3021 7
1538 795 27
2734 1897 20
532 1264 16
3775 1200 6
1265 2969 22
1890 3617 15
3786 3240 11
3268 3773 10
3658 1569 21
3262 73 23
1236 3450 24
2034 2185 31
2663 3866 21
3499 2214 22
2620 733 18
63 2505 31
1732 2125 31
1614 3133 23
2220 2442 22
3649 2768 22
2170 931 23
3757 529 19
3054 1658 26
1104 2227 22
708 1188 -2
1008 2441 24
591 1478 16
3617 1063 26
413 3033 21
1341 487 8
791 2885 20
1259 161 13
799 905 12
2928 897 15
2400 1194 17
2994 2197 9
1098 3275 23
3761 2669 9
894 3450 18
3199 1368 19
3559 3952 20
3520 3225 13
932 664 6
372 832 14
1111 2579 33
271 3701 8
819 46 15
2483 2180 24
452 3909 12
3304 3164 31
1744 3146 21
3235 3243 21
1272 1374 15
3169 3523 22
2997 1942 21
2570 824 7
3677 3286 21
1552 383 31
2397 2649 22
1359 1712 23
3422 326 12
1868 1797 20
1985 1724 24
376 2968 23
3589 2599 14
3148 3444 9
1213 2384 16
2534 1886 12
2956 1284 24
2348 1797 27
1596 1140 15
2767 1850 25
457 62 16
514 3953 17
2537 563 9
2143 175 9
3953 2510 24
3817 2125 23
1395 401 25
3554 2942 19
2605 3051 13
2703 41 15
159 1408 26
1699 3891 20
3182 1129 13
1831 2684 23
3482 1763 16
2732 3526 9
2520 2106 35
3767 1741 16
1118 3765 18
2205 798 15
3432 2802 20
1707 1014 3
3895 1484 9
3383 2329 26
2576 697 31
125 1972 13
3570 958 5
3319 542 13
3270 732 4
3482 3395 26
3500 3916 27
3769 2757 28
67 3279 28
3773 1770 20
897 483 20
2261 1337 31
1948 980 21
1206 65 23
464 134 24
1486 1956 25
2715 849 18
3286 1066 29
2444 2959 22
58 2768 4
