500 8000
201 2 22
274 424 25
246 190 21
439 248 25
394 239 29
167 91 9
238 213 21
56 333 7
216 466 15
308 492 8
429 147 31
406 306 26
92 116 22
228 1 24
103 78 29
456 370 12
120 36 19
178 29 18
247 170 8
289 36 21
170 410 13
164 285 25
211 238 20
4 281 17
82 302 11
225 228 5
262 64 12
34 482 19
497 226 16
334 181 21
138 161 16
435 242 29
24 109 27
441 357 10
103 152 27
383 178 12
309 305 11
263 213 24
339 185 29
135 376 23
476 353 24
263 195 14
241 361 31
309 393 17
169 430 11
284 144 22
468 321 22
212 420 25
140 236 25
154 123 15
0 158 20
56 375 12
157 370 24
99 428 22
24 484 21
70 56 23
131 472 22
216 98 31
132 263 12
369 184 20
347 16 19
199 367 28
363 332 8
154 306 23
444 298 19
65 42 35
382 409 18
309 130 17
397 320 12
403 93 14
327 399 21
276 84 19
48 23 29
410 430 38
207 372 24
172 32 15
397 383 23
473 425 26
88 151 13
418 48 19
161 494 30
142 22 28
222 483 19
325 382 8
60 11 37
330 81 10
473 189 31
406 209 27
95 494 13
44 341 29
160 455 33
228 47 1
122 293 9
112 208 31
392 339 24
181 4 14
322 57 15
238 17 17
142 471 25
481 370 14
16 155 12
456 134 22
432 418 23
298 444 14
303 312 13
146 419 32
202 313 16
190 94 0
427 412 18
432 181 9
152 378 14
143 8 21
232 239 21
71 116 33
268 474 24
321 246 11
154 452 10
314 380 23
497 490 6
370 95 22
483 332 19
182 75 22
476 266 20
133 356 35
333 192 19
309 472 18
258 483 35
472 330 17
255 104 8
32 294 19
239 260 30
141 293 15
164 484 2
235 397 29
32 103 5
498 301 26
197 153 10
58 487 26
466 112 16
229 445 26
159 298 29
103 455 18
24 338 3
87 406 19
78 494 26
420 2 7
362 187 18
100 472 9
234 198 32
427 425 15
428 155 19
400 450 34
143 89 25
419 376 20
1 125 10
294 452 15
260 152 27
37 263 16
419 314 12
217 357 20
55 238 10
447 236 24
268 117 24
23 327 14
350 419 4
475 186 19
209 59 16
142 386 22
53 317 10
259 27 10
42 121 27
85 43 22
248 497 34
84 185 11
233 304 7
265 41 18
106 258 21
43 258 20
23 490 17
72 96 16
134 490 21
264 141 24
348 207 26
109 201 11
58 83 24
397 404 23
238 136 23
363 210 13
157 292 9
251 207 17
197 49 12
133 149 39
440 78 13
287 18 18
439 1 11
357 55 27
217 383 34
12 121 29
127 294 1
10 313 29
413 86 27
416 32 27
297 49 31
356 31 14
74 163 19
280 225 18
154 27 31
85 474 29
46 152 29
470 473 7
369 359 7
280 443 6
106 67 25
332 357 21
31 221 22
427 415 34
364 492 18
182 450 30
485 242 20
322 125 16
210 469 12
94 20 20
269 13 14
433 41 29
322 296 20
68 25 27
173 201 8
82 427 30
302 476 18
499 7 21
159 456 31
427 191 14
224 475 14
259 221 15
110 439 31
165 317 26
40 284 9
344 477 14
407 67 27
42 298 15
109 442 8
320 139 24
456 471 7
354 363 22
238 258 31
32 86 17
276 81 18
57 117 16
242 186 31
223 59 25
192 481 17
260 328 35
43 240 21
413 7 19
332 35 18
325 474 23
459 38 14
64 217 14
329 134 15
367 69 21
124 483 23
29 44 10
22 241 29
180 24 18
452 441 17
34 7 17
487 337 28
39 151 13
225 389 22
477 254 28
115 59 11
263 498 24
88 158 28
126 322 13
285 338 14
53 396 16
328 297 15
117 287 30
226 228 2
425 349 22
250 497 16
426 32 14
174 46 7
270 94 10
415 413 18
283 156 9
14 470 13
295 438 16
143 322 30
292 273 15
99 216 25
318 24 15
118 412 18
47 245 18
476 39 14
177 74 9
297 489 8
418 315 15
272 263 15
159 116 18
483 217 21
154 29 22
114 24 29
370 226 36
448 146 30
21 358 19
34 402 25
41 66 30
289 438 28
42 245 13
211 216 14
433 322 14
123 400 22
240 415 10
443 14 21
447 466 25
93 262 10
463 44 23
123 285 23
182 327 19
464 54 7
39 496 22
278 335 20
166 489 12
286 280 32
443 217 16
318 235 19
154 62 14
266 265 12
84 145 12
428 52 20
124 174 2
84 161 27
348 417 21
364 432 35
82 236 19
170 27 18
192 215 28
411 215 15
196 258 23
10 5 1
342 193 22
243 402 14
127 450 26
463 330 16
340 452 14
217 118 22
476 283 24
290 315 24
122 482 12
475 230 17
247 139 28
335 309 26
146 306 28
206 434 41
47 355 26
358 16 17
263 252 26
162 45 19
204 23 22
283 83 22
187 66 15
41 220 20
425 252 15
475 33 4
272 318 15
448 362 12
353 54 5
367 373 23
195 60 21
126 303 21
208 28 20
20 236 4
211 240 32
358 129 13
206 444 19
137 313 1
21 459 16
268 214 36
219 478 10
195 263 24
325 66 27
39 333 19
146 44 21
203 75 24
345 102 13
249 333 39
263 336 20
38 220 22
453 493 17
266 492 28
421 176 17
97 359 16
39 423 10
333 14 19
137 106 14
317 422 28
72 305 15
41 56 15
15 127 30
308 364 25
392 490 13
239 264 32
64 382 15
179 396 21
82 366 27
411 336 16
173 386 15
213 26 14
453 281 22
162 183 10
159 452 12
281 184 32
245 256 8
160 201 19
446 445 26
306 59 14
312 137 6
315 230 14
320 134 28
187 68 9
201 361 12
376 383 36
302 419 23
372 224 26
385 404 30
342 68 18
286 331 21
47 399 9
4 90 22
165 486 12
12 76 13
331 322 25
447 234 25
383 488 10
200 337 9
257 389 17
442 282 28
298 470 35
304 351 26
112 49 18
152 342 18
45 436 19
131 271 12
463 104 11
164 381 15
169 372 9
64 364 20
93 480 24
0 381 23
327 262 28
15 141 10
80 230 18
460 451 24
53 65 21
15 354 39
413 356 17
464 127 3
312 419 15
430 97 23
22 205 16
455 97 18
259 251 24
59 178 24
452 483 21
475 321 13
301 69 7
246 324 18
273 346 14
264 76 18
292 230 18
162 347 22
432 282 10
364 254 21
172 28 5
365 40 18
364 307 23
2 458 13
325 226 36
96 360 32
54 143 19
22 382 20
392 142 25
316 1 32
10 99 36
359 70 29
284 261 23
405 196 18
467 248 22
95 309 13
75 378 10
145 350 23
7 207 4
467 233 17
430 274 28
266 483 26
52 186 20
201 152 30
455 137 14
145 139 13
110 379 20
93 242 16
78 481 37
7 292 13
419 155 10
358 382 24
87 311 32
143 168 25
359 144 22
164 178 25
425 105 19
438 147 14
231 119 29
361 429 22
262 304 31
156 138 16
319 337 25
496 167 26
17 145 24
166 21 31
42 314 2
467 484 13
380 105 14
238 343 10
339 257 20
367 346 8
261 76 14
307 78 9
38 50 20
348 80 22
107 446 2
482 339 7
230 309 21
93 481 11
235 14 32
37 56 23
388 105 25
137 433 25
290 62 16
471 280 29
442 493 25
181 312 27
268 485 21
426 9 19
309 493 23
38 122 27
299 380 18
471 333 27
274 196 35
184 205 3
473 130 17
342 268 34
139 291 19
95 252 36
156 191 16
379 70 20
103 423 10
54 212 16
134 365 16
419 76 37
248 381 13
269 200 27
469 427 7
318 368 22
238 261 12
187 231 25
202 179 31
1 455 29
413 276 31
465 161 35
145 344 30
373 297 19
461 390 30
499 107 17
214 147 21
251 269 26
451 278 5
245 231 19
49 284 33
321 314 22
306 463 22
395 350 24
135 313 18
49 374 29
108 402 23
147 342 20
137 496 13
344 130 6
238 329 11
108 338 14
324 110 24
346 415 6
57 428 17
64 244 25
498 176 17
110 169 15
57 416 15
169 276 17
121 48 38
484 492 32
141 144 17
327 252 7
370 193 19
386 422 29
381 463 11
34 413 17
32 359 20
433 299 24
199 143 26
374 153 21
124 400 22
472 197 18
405 107 31
148 271 15
480 129 17
475 334 20
173 0 8
474 258 21
375 204 21
151 129 19
82 333 22
218 73 17
166 336 26
51 476 23
380 75 21
247 173 23
368 2 35
140 25 15
468 442 22
8 131 10
320 256 1
456 149 19
459 483 46
289 358 20
195 410 26
223 468 18
272 81 20
94 312 18
273 363 26
327 123 20
318 200 16
267 266 26
295 394 12
236 289 24
253 303 20
239 486 13
273 68 26
195 277 8
483 372 27
458 364 7
270 357 32
388 26 21
74 178 28
464 152 1
482 207 16
43 129 2
36 234 18
269 143 16
153 404 18
272 134 11
336 250 24
224 237 14
331 403 13
142 473 13
388 402 6
479 439 15
100 178 23
269 115 24
374 342 5
146 412 20
384 268 21
369 236 17
429 415 5
233 129 17
353 398 23
90 278 30
120 319 12
290 360 28
310 466 26
272 403 11
137 386 18
426 485 22
69 394 31
127 272 20
437 41 24
91 424 11
404 128 18
327 218 12
103 403 2
492 457 11
49 131 5
484 251 26
327 61 23
360 435 27
122 466 14
450 167 9
79 200 11
460 481 15
358 425 13
422 299 21
464 308 27
328 64 11
174 248 19
445 194 11
292 476 11
65 215 30
163 76 34
480 194 18
370 84 16
188 53 23
461 449 19
142 262 12
269 149 9
104 388 21
229 360 27
64 477 29
202 439 18
343 427 25
147 162 19
142 485 33
109 163 23
160 105 10
200 177 22
222 476 19
59 268 30
419 257 13
73 92 13
74 104 37
104 272 36
403 367 15
307 346 29
308 347 5
432 184 27
471 358 8
314 97 12
307 89 23
254 264 14
456 295 13
360 440 17
93 380 28
321 89 18
244 158 26
33 39 21
37 109 18
130 294 17
67 417 25
171 266 29
234 190 33
8 85 12
173 399 24
107 314 10
113 303 21
196 240 11
403 392 5
271 394 19
177 2 36
235 239 15
317 153 11
470 365 19
460 134 27
491 32 22
292 320 20
498 190 17
441 92 25
18 313 17
160 330 19
236 290 17
171 372 30
324 400 3
472 486 26
455 385 11
310 132 15
45 355 12
261 499 13
305 244 20
331 140 18
270 79 40
362 468 36
475 203 23
358 39 27
111 288 21
225 445 23
273 409 13
366 17 14
372 495 14
313 224 23
446 200 23
465 333 16
256 334 12
245 2 4
366 368 21
42 365 3
45 222 20
217 130 25
179 303 17
243 290 30
402 291 14
254 323 31
199 156 20
263 67 11
328 130 22
256 129 19
432 431 12
443 37 26
476 277 26
285 422 17
167 216 17
44 157 19
479 21 14
365 59 9
34 145 18
459 124 33
493 376 9
305 432 18
72 480 24
187 399 30
243 186 19
433 294 24
179 401 16
151 41 16
58 404 21
83 384 27
218 387 21
292 193 16
346 144 19
150 60 8
109 484 15
294 43 22
278 230 6
173 379 4
345 459 21
461 146 10
112 279 28
227 491 15
324 72 21
236 456 24
66 413 6
339 184 13
23 159 27
81 499 26
391 444 16
298 196 16
400 130 19
313 15 9
235 279 4
133 177 39
53 291 14
114 263 22
170 358 24
389 490 8
157 347 32
155 208 17
209 227 13
395 13 19
411 311 8
371 10 14
263 293 18
463 97 27
448 269 14
92 299 23
77 285 22
341 3 22
223 50 17
275 149 12
391 489 5
458 128 20
65 360 13
354 272 18
173 433 8
185 190 24
378 102 24
77 418 28
94 242 3
399 200 14
300 288 15
460 100 7
85 360 9
7 43 26
151 162 18
233 245 20
60 327 19
435 283 5
20 105 12
312 103 4
358 332 22
432 284 14
382 172 17
193 461 21
193 211 11
138 247 22
159 422 13
181 30 12
29 255 20
1 174 19
233 190 21
367 257 24
205 191 22
488 286 27
66 67 18
280 184 10
87 221 27
415 349 21
53 354 11
300 139 16
435 257 15
499 149 12
260 317 19
9 238 26
159 20 20
351 255 1
477 330 24
282 358 7
2 250 6
46 183 20
460 288 24
280 385 21
485 21 33
68 463 0
132 71 14
422 459 28
191 407 25
341 163 18
291 232 30
279 347 33
117 313 24
444 472 25
71 150 7
225 318 14
3 340 17
442 54 26
157 222 36
348 46 13
239 193 13
363 299 22
285 324 10
225 254 29
146 264 5
124 320 22
49 441 20
220 160 21
435 345 4
235 362 29
367 441 7
115 354 20
35 175 14
353 1 18
364 199 17
3 376 19
290 59 18
347 258 15
201 165 18
457 368 8
356 493 1
380 401 26
449 107 18
325 348 35
486 498 14
230 87 11
81 29 15
480 391 31
237 88 18
53 128 24
79 171 23
142 120 21
53 121 1
411 485 23
308 125 24
143 455 14
134 4 23
141 400 25
161 281 30
331 64 23
171 118 32
327 152 13
474 341 9
218 343 18
160 108 32
70 233 14
78 467 17
99 296 22
224 360 25
51 262 38
203 155 16
305 440 9
106 18 6
38 113 20
84 375 28
123 120 29
122 92 17
88 256 9
331 362 26
218 165 20
451 12 20
390 366 16
401 307 9
83 87 20
174 17 15
203 107 12
364 348 9
378 178 26
63 311 20
335 232 15
7 101 17
271 364 16
314 230 17
380 388 24
484 407 23
154 5 13
296 366 14
419 36 8
107 86 28
343 281 18
147 84 14
162 38 18
472 336 33
86 7 18
31 323 23
233 251 26
160 374 6
172 97 26
194 210 32
76 399 11
395 443 23
366 429 31
227 455 21
136 20 21
87 294 18
370 454 14
391 309 24
0 6 19
57 188 26
104 259 41
452 86 12
376 194 9
46 234 13
222 134 19
128 209 13
282 252 16
427 206 31
90 497 14
231 40 18
227 483 26
280 92 14
192 199 22
274 473 3
366 463 5
471 390 9
270 156 12
10 241 25
41 320 25
415 288 8
213 487 17
317 124 9
2 116 17
486 168 21
122 331 33
333 484 21
415 330 12
403 123 18
241 421 26
265 467 26
18 333 12
317 463 23
497 223 13
378 39 7
40 116 12
449 278 22
134 188 20
159 432 8
158 167 23
255 302 14
436 303 16
428 348 39
327 114 29
122 8 21
452 458 29
204 242 16
461 115 17
348 276 32
92 376 18
212 391 17
117 101 23
463 299 26
381 199 12
312 21 21
123 176 24
378 423 18
150 306 19
29 204 11
79 204 4
352 482 17
23 132 3
370 289 20
215 233 15
90 295 17
6 35 13
372 493 20
485 9 16
92 302 22
33 231 15
371 350 18
85 3 27
396 176 10
108 246 29
73 441 27
79 78 16
277 472 14
311 379 25
308 474 16
305 404 15
393 350 3
308 168 13
434 365 17
467 164 14
238 7 27
172 195 22
84 270 3
80 414 20
350 162 21
26 302 25
312 182 14
326 96 25
218 354 15
449 227 28
94 146 3
243 154 24
175 270 15
389 463 24
7 434 9
370 116 25
113 54 9
164 161 22
360 351 19
15 469 14
385 469 17
471 165 25
351 295 22
102 295 14
47 69 23
124 179 17
436 361 14
434 68 32
492 204 37
78 390 21
456 77 26
446 418 13
320 489 26
124 276 16
69 39 26
468 409 4
454 272 11
410 16 18
313 355 12
5 114 21
38 11 10
409 118 22
431 341 17
493 292 19
130 467 15
415 400 10
112 265 24
23 277 12
78 67 35
269 333 22
194 175 17
100 28 23
401 88 18
115 126 33
293 300 14
351 241 21
222 56 19
181 175 33
124 148 15
400 121 22
163 495 19
419 327 29
185 284 24
285 263 11
340 401 15
355 100 26
399 253 21
1 305 22
21 223 39
166 491 38
6 369 27
172 245 26
102 374 14
265 80 25
342 105 21
211 98 23
90 337 27
255 116 20
111 243 24
132 76 17
177 153 22
14 423 36
495 269 23
378 52 33
323 401 17
147 466 16
41 75 9
484 204 19
220 4 5
340 385 29
104 158 28
387 24 35
224 314 30
403 487 9
49 162 13
46 379 24
81 135 11
409 259 18
206 50 27
477 245 27
249 331 23
1 164 27
341 68 10
431 191 17
59 378 24
41 132 13
78 85 21
344 232 19
220 471 12
275 423 12
289 420 39
117 105 31
439 70 27
354 499 19
109 449 17
283 314 25
133 75 24
294 273 26
494 289 23
350 312 11
440 139 16
203 270 18
332 486 14
322 286 11
199 182 21
491 289 14
258 55 35
308 236 24
339 311 2
303 372 15
249 104 13
201 400 17
464 417 12
386 89 19
9 438 28
258 384 22
220 370 13
64 333 26
406 265 12
57 374 23
209 443 24
434 82 18
69 56 24
270 154 11
304 227 27
28 60 27
278 405 12
254 468 20
480 76 37
299 133 21
426 173 18
348 450 21
430 125 23
448 271 16
69 419 19
183 221 24
428 285 23
131 136 27
154 366 18
220 464 27
304 484 16
24 420 47
193 98 11
59 271 20
377 55 29
216 237 20
117 5 26
98 54 29
398 283 19
240 430 16
236 30 7
346 138 22
360 23 31
365 178 20
490 60 27
300 212 16
135 346 30
377 300 19
183 70 27
478 179 5
227 454 26
422 240 18
218 281 15
83 155 36
488 460 24
239 69 14
224 83 12
219 461 26
82 60 16
490 453 18
119 450 21
339 419 17
257 35 23
211 311 10
122 238 15
67 318 23
31 498 39
294 324 21
267 32 20
53 0 20
425 233 22
203 248 18
55 99 23
317 364 21
248 363 17
406 183 27
270 234 33
281 38 5
8 370 17
309 441 21
312 339 18
171 263 28
22 276 22
120 202 26
26 157 14
470 170 6
250 37 17
26 73 21
197 403 17
333 45 28
233 146 19
22 87 16
141 498 42
476 396 7
415 370 3
14 192 14
447 14 18
322 192 19
241 320 19
132 353 22
134 213 14
185 44 12
467 446 19
297 438 1
260 193 23
251 19 31
46 499 15
196 460 30
449 376 12
420 155 3
406 120 30
454 375 24
277 127 23
328 134 26
180 6 31
452 496 26
298 74 14
200 179 26
136 13 27
275 413 20
287 48 30
318 470 15
10 231 17
155 231 25
47 486 21
128 322 19
329 121 18
46 317 18
96 216 19
277 70 22
90 184 30
232 11 14
464 249 22
157 373 8
17 70 27
372 18 12
373 26 28
285 113 20
135 471 14
25 74 12
239 179 23
249 25 21
85 121 3
22 497 3
307 462 12
193 226 25
342 198 21
179 270 26
74 112 17
366 367 10
273 248 17
44 491 13
56 172 18
242 108 19
34 478 21
316 420 21
186 475 16
455 82 16
130 414 16
223 469 16
392 311 19
231 471 26
88 463 17
72 94 34
232 447 23
277 353 16
458 328 11
218 473 20
86 88 26
370 13 22
421 153 26
181 410 10
145 353 11
201 239 10
14 478 17
385 264 11
203 19 12
396 360 22
241 486 14
203 497 15
27 30 21
214 288 18
84 476 5
254 376 26
4 263 10
214 309 19
383 21 18
499 346 11
26 242 22
298 436 31
252 192 20
134 243 18
88 23 30
19 166 16
188 109 24
264 42 28
77 255 10
292 241 33
360 198 26
435 419 36
147 318 16
301 37 18
168 450 17
445 14 24
451 113 26
156 94 19
343 376 10
242 45 15
346 59 32
489 349 10
294 356 17
386 428 15
30 124 5
320 237 16
157 490 25
484 242 31
27 388 11
339 235 5
206 96 22
290 115 28
122 402 12
40 335 21
127 271 14
378 135 19
50 498 6
283 285 8
321 175 37
177 270 27
164 283 25
10 347 24
101 62 32
214 34 25
6 236 23
0 371 20
496 353 11
435 18 17
28 164 26
384 313 24
470 467 23
440 415 27
352 184 30
34 377 31
262 94 11
231 494 21
432 364 23
280 169 15
405 420 22
14 451 34
362 197 26
97 277 16
425 342 12
306 66 17
51 77 24
205 180 21
140 63 29
259 126 4
267 469 13
185 313 22
298 114 22
35 414 14
385 262 14
271 227 23
81 492 31
44 484 19
59 197 18
471 63 23
352 366 24
179 174 28
361 204 25
171 139 19
403 318 30
143 472 20
152 199 8
357 449 20
150 339 20
414 280 17
323 408 18
449 429 21
471 87 20
33 66 12
295 243 28
457 126 34
128 498 13
245 220 23
28 246 23
439 13 14
221 280 22
359 23 22
267 339 30
33 428 21
69 124 23
203 345 19
99 57 21
365 197 22
188 221 22
309 381 12
176 258 21
335 123 20
203 46 13
241 1 15
46 224 16
299 238 6
97 365 24
227 136 19
150 46 19
108 249 29
88 241 21
403 488 18
134 319 22
315 105 24
357 226 1
102 409 6
9 135 4
2 444 18
179 323 29
225 241 15
188 48 2
193 274 10
220 434 34
260 178 26
311 276 22
138 120 15
458 104 7
249 41 24
78 357 19
245 486 19
5 8 25
167 116 6
272 233 15
44 362 24
425 141 20
431 366 28
35 394 24
141 153 27
56 371 20
1 175 23
74 397 31
80 442 28
113 366 24
446 298 41
495 265 22
260 149 24
164 392 12
449 280 10
478 183 3
486 175 21
436 409 17
61 124 22
332 421 10
240 8 23
453 73 19
48 149 26
359 239 33
301 229 2
17 54 15
222 296 35
298 34 22
151 65 25
477 404 15
487 65 25
449 137 28
288 485 4
29 172 24
135 373 17
112 15 17
79 478 14
225 39 14
330 161 0
185 46 10
245 59 33
460 96 20
152 457 27
363 268 24
475 144 17
87 154 10
467 426 18
266 149 25
117 216 22
417 315 9
130 426 21
121 74 14
471 321 15
157 482 25
437 490 13
413 239 19
17 331 16
237 348 20
363 387 30
329 74 14
76 207 18
183 375 27
111 3 17
216 46 28
338 448 23
261 66 27
430 111 36
220 417 25
288 330 11
186 328 25
120 170 10
87 26 17
350 211 13
336 175 21
81 362 24
394 67 18
118 447 14
324 321 11
267 357 9
374 360 24
283 11 29
241 445 22
141 58 13
308 67 11
58 472 13
391 357 1
296 8 28
366 264 32
220 7 22
209 114 14
119 40 22
393 108 19
381 57 24
42 325 12
413 13 29
394 11 13
120 329 17
1 44 33
296 140 13
414 260 18
33 360 26
318 205 22
353 367 16
264 474 9
379 327 30
338 300 19
107 213 20
105 327 35
201 485 14
309 274 31
407 137 18
407 113 13
206 362 22
88 42 11
358 233 16
389 303 22
374 351 18
158 127 31
474 36 11
272 143 19
294 301 26
320 163 11
316 377 18
426 235 19
401 238 18
461 281 17
290 293 19
404 5 27
470 367 6
395 432 3
127 389 19
322 84 19
338 225 29
478 230 26
430 223 33
401 53 25
41 190 21
187 6 37
342 377 20
351 35 21
112 52 20
487 82 25
148 486 15
3 472 12
395 267 1
86 344 29
469 337 21
335 447 28
78 244 7
232 488 11
433 259 36
86 431 22
27 426 29
243 123 23
202 282 29
434 226 11
111 333 20
102 422 23
147 0 28
22 131 19
283 190 22
356 302 22
243 24 17
36 9 10
56 385 15
4 80 24
145 180 17
348 496 13
110 276 28
50 195 20
384 317 10
382 199 18
171 366 16
87 442 19
103 163 34
73 124 22
464 7 22
77 141 25
439 206 3
418 75 20
336 71 18
42 306 24
117 350 28
168 464 24
407 196 22
92 443 4
222 345 26
33 137 22
56 335 12
31 429 25
116 302 20
411 362 27
139 350 8
27 229 24
151 450 31
316 178 14
403 64 12
225 472 24
431 258 28
266 11 41
207 127 25
69 410 18
38 184 28
172 488 5
186 17 13
385 169 21
188 179 19
362 42 31
450 121 29
389 235 33
294 480 34
459 421 31
258 5 15
297 466 6
390 22 27
453 58 22
135 191 21
146 167 15
490 394 23
465 218 21
17 419 29
270 10 5
116 167 11
299 66 23
144 326 24
307 396 20
331 270 19
375 252 16
496 197 8
9 478 22
99 370 22
189 456 24
388 461 39
159 468 23
357 220 13
121 472 9
83 417 22
374 271 15
75 202 26
437 51 6
214 196 10
141 383 15
352 490 13
111 143 27
383 12 17
221 415 24
318 453 19
367 175 15
463 101 30
450 82 11
133 175 20
48 181 15
270 137 22
466 227 29
162 452 14
156 157 23
289 487 6
332 400 31
416 477 26
363 499 11
366 271 20
487 284 15
19 109 12
109 113 10
389 444 24
430 9 9
213 378 16
62 142 19
261 192 11
320 117 28
466 13 20
385 378 20
22 3 16
150 56 10
452 9 24
75 111 1
417 110 18
214 99 21
261 227 30
1 355 19
129 413 10
400 247 4
476 305 19
154 251 22
304 101 22
373 311 25
184 82 25
221 27 8
339 74 5
445 170 26
167 65 8
187 81 14
347 21 25
328 363 14
325 375 26
498 427 11
160 25 32
432 451 17
59 52 14
352 249 10
29 20 6
467 369 19
238 80 36
445 54 20
216 7 23
233 334 35
311 165 11
190 282 18
343 368 23
207 436 8
127 157 10
240 157 21
419 439 18
31 313 13
85 291 15
31 494 18
370 430 29
237 415 19
362 338 33
23 13 26
222 364 17
183 395 31
30 445 29
141 133 20
47 71 13
197 50 25
130 243 32
181 267 15
251 18 11
344 443 26
284 155 18
125 344 16
29 433 25
395 40 16
379 230 28
295 49 30
66 120 22
482 460 3
26 202 23
90 154 11
193 282 20
441 331 13
165 170 19
279 49 26
490 414 25
354 301 13
358 70 28
182 369 21
482 400 26
430 2 18
13 46 12
487 118 19
311 244 23
474 172 11
385 192 21
229 398 25
494 253 13
173 260 10
130 154 4
125 405 15
396 365 6
296 470 17
385 195 34
39 344 19
179 236 27
317 487 20
236 87 5
151 433 25
228 292 4
336 319 28
236 348 13
466 62 21
182 491 19
238 86 12
17 276 15
425 237 17
428 128 15
196 442 14
451 66 16
53 144 19
213 120 6
335 251 24
320 278 15
194 298 21
250 259 24
372 327 30
105 214 22
311 444 28
394 162 18
266 84 27
230 62 8
477 126 10
89 62 30
41 419 25
311 18 18
168 136 1
26 18 16
71 205 25
3 318 29
426 316 4
317 116 25
19 60 30
147 20 20
79 242 34
24 424 35
93 227 22
497 274 31
237 158 8
168 199 35
331 342 25
411 171 21
218 429 22
393 488 6
14 278 12
85 279 25
301 401 28
97 254 30
87 461 21
437 445 18
14 347 28
222 430 5
19 28 17
439 163 21
184 418 18
350 431 19
350 182 16
266 373 12
258 22 37
283 440 23
300 310 13
275 154 16
243 308 21
416 297 20
12 439 22
6 67 30
331 306 13
269 238 11
257 423 9
118 272 11
413 111 17
326 45 9
5 96 16
147 62 26
167 457 18
4 24 27
314 340 25
263 51 26
299 490 20
490 87 16
484 93 26
64 246 16
104 292 18
432 296 16
185 451 14
322 481 16
226 200 11
345 356 21
460 228 24
223 470 23
137 152 16
371 106 17
278 449 6
231 491 10
0 86 24
57 373 30
428 137 28
488 230 30
289 218 20
261 185 13
118 46 25
351 430 24
215 59 18
469 415 29
334 442 12
192 334 16
91 253 39
92 72 5
489 437 11
455 309 1
478 382 25
208 240 18
263 64 32
305 297 21
485 293 32
0 291 26
464 207 30
217 485 35
79 416 22
94 39 14
489 458 18
361 205 16
26 388 19
349 331 14
265 206 28
3 260 28
350 282 27
182 302 15
377 11 17
372 39 7
401 254 12
320 197 36
14 202 22
413 376 26
419 231 24
92 389 18
472 146 32
108 106 19
465 460 23
5 239 24
71 55 18
314 88 28
355 165 16
39 429 10
486 206 26
323 297 9
182 160 14
281 494 8
490 299 21
112 60 17
109 363 14
96 8 14
75 368 22
362 164 9
357 0 28
290 161 23
452 185 26
300 395 9
150 213 28
492 338 30
362 70 28
170 121 10
208 125 27
227 435 21
271 419 24
266 75 28
343 20 16
467 265 28
438 137 36
194 322 16
449 487 16
390 382 3
170 426 19
291 211 17
129 332 31
108 238 19
206 433 24
253 163 22
400 170 20
277 187 11
152 144 27
474 99 19
378 326 28
106 179 20
352 372 12
35 301 17
493 193 24
350 145 18
323 428 13
161 79 19
424 436 29
193 0 30
411 307 26
345 352 14
164 45 20
413 460 15
403 206 16
269 30 14
282 53 22
137 116 13
240 238 23
153 172 15
290 244 19
278 204 29
37 347 17
256 339 19
110 240 30
84 256 22
186 124 22
374 192 8
446 74 11
145 327 5
61 194 7
315 29 30
105 19 25
176 9 9
359 53 21
399 412 4
437 354 32
166 282 4
10 103 18
198 335 28
465 143 24
72 493 26
13 490 17
473 54 24
306 184 25
19 243 16
178 229 21
110 40 14
385 320 23
137 298 19
111 346 22
252 263 23
305 253 19
142 340 22
108 369 13
452 194 14
33 459 11
122 362 7
41 83 32
82 99 18
282 466 38
399 140 7
44 368 39
418 212 25
441 297 31
0 28 6
217 175 19
214 493 16
434 417 17
394 135 17
182 460 31
474 46 9
473 297 20
8 296 20
368 406 12
21 422 7
213 438 28
165 487 11
19 311 20
161 64 20
140 263 16
154 371 13
28 271 17
53 126 12
422 17 14
108 297 21
96 354 22
259 254 4
426 272 9
267 292 25
267 296 20
64 69 14
136 258 22
50 162 8
170 192 27
155 197 35
111 124 16
430 235 8
4 60 25
459 399 7
463 251 35
66 258 28
420 108 16
274 88 8
318 353 34
75 318 16
146 6 20
446 403 14
130 378 35
258 11 18
93 122 30
29 466 21
32 97 7
307 418 11
45 433 20
255 8 21
340 38 25
360 295 20
470 134 12
470 388 10
37 249 20
417 92 23
429 143 30
254 245 16
150 458 7
311 6 15
76 406 8
45 80 18
425 72 23
391 280 8
122 339 13
414 271 21
364 154 35
55 245 12
350 91 19
246 1 25
170 284 32
454 384 24
56 216 11
351 259 24
190 371 23
187 465 18
386 304 13
50 454 18
1 399 14
134 58 9
287 261 18
393 202 33
316 154 19
163 165 30
197 228 15
114 29 28
414 392 14
487 303 28
232 47 22
364 352 18
225 414 23
152 329 23
62 153 18
49 226 26
443 112 31
330 443 13
308 423 29
306 107 12
70 464 5
206 4 14
403 452 21
239 85 18
113 496 16
298 457 30
27 445 7
325 186 9
101 446 17
15 130 19
12 422 22
307 355 4
454 95 33
205 197 22
201 445 25
116 189 26
289 270 12
276 370 14
305 149 18
166 42 13
254 293 16
278 48 17
419 310 28
152 94 20
387 61 27
287 253 30
242 386 3
358 248 23
125 147 28
286 267 31
456 280 27
395 62 12
369 251 18
397 447 31
199 362 33
84 258 16
375 54 12
65 232 25
370 420 15
488 142 17
355 472 20
80 233 18
426 247 13
181 202 16
234 100 10
365 183 22
201 329 12
373 145 9
59 343 18
369 266 19
91 345 11
487 131 13
196 80 19
244 67 26
73 155 14
238 127 9
146 483 10
103 435 15
450 434 22
131 191 6
182 303 33
12 161 20
264 374 14
148 492 13
307 266 20
251 226 32
497 389 23
411 234 14
188 12 12
158 44 9
491 225 20
187 0 11
156 334 3
387 304 21
131 410 27
309 268 19
0 9 10
494 116 14
372 82 18
452 291 8
65 36 23
18 136 17
337 499 26
338 485 22
366 458 22
151 400 20
284 301 25
256 368 21
214 252 7
348 487 22
268 123 24
271 73 11
297 176 27
22 265 29
46 489 12
24 104 13
317 148 13
391 43 28
34 321 17
375 117 20
456 33 27
9 265 12
438 287 20
55 381 14
407 238 34
186 68 22
83 256 31
235 206 22
60 497 15
379 76 22
230 478 23
198 60 28
366 435 6
417 358 19
360 436 21
440 462 25
270 443 20
227 43 13
333 121 19
478 463 2
111 492 20
202 460 21
339 91 34
350 170 8
279 81 23
237 53 18
188 371 24
344 280 15
193 82 30
322 119 29
246 274 17
263 115 11
206 231 33
426 270 19
211 306 17
34 93 8
280 23 19
61 343 20
225 114 20
279 169 14
302 119 23
176 114 22
330 32 23
65 438 16
430 476 13
63 102 20
37 279 23
279 297 31
139 389 13
164 184 22
258 60 27
236 379 21
146 225 27
492 161 11
50 20 17
79 68 28
258 117 13
173 232 15
3 81 15
70 258 22
86 450 28
102 63 42
170 217 21
219 181 23
358 486 10
211 223 10
56 482 21
241 141 11
433 191 29
416 201 34
113 120 29
319 236 9
203 29 22
375 497 13
30 53 23
19 161 18
331 178 5
117 212 25
38 60 17
417 45 10
36 478 6
231 263 30
60 467 13
438 284 32
313 274 33
438 459 22
146 66 31
58 57 15
120 469 29
472 463 21
232 468 18
252 449 30
207 175 12
482 18 18
11 381 22
288 188 23
19 327 27
222 295 18
142 172 8
290 217 30
38 488 8
316 76 27
89 458 20
284 360 11
399 496 32
263 130 27
283 57 25
446 386 22
499 422 34
61 92 20
406 463 15
122 489 18
256 309 20
289 461 22
469 470 19
294 76 23
210 140 21
120 188 20
109 359 24
191 159 32
212 158 32
234 158 35
143 24 16
188 285 13
119 337 27
265 453 10
456 499 27
37 235 25
48 285 21
270 247 37
276 481 37
217 349 2
473 480 21
144 234 23
157 191 27
108 302 22
353 39 23
326 209 19
429 421 14
97 100 19
92 21 19
171 239 20
118 45 29
233 275 16
110 237 18
459 187 14
380 163 27
151 227 16
368 58 18
105 99 7
201 170 20
343 478 15
110 404 26
50 105 9
463 497 16
15 44 27
417 60 8
319 471 11
174 331 25
132 416 39
110 164 18
491 166 20
30 129 29
249 122 25
247 493 14
20 312 38
121 50 15
3 434 6
16 165 29
162 481 20
466 186 17
47 277 18
188 191 12
453 355 17
451 419 16
181 112 24
38 107 18
279 388 16
91 152 4
106 473 14
423 408 32
451 72 18
485 250 1
406 229 25
2 496 22
411 347 39
239 83 17
400 133 20
484 482 12
289 421 30
6 163 7
169 464 10
242 237 39
129 303 22
343 65 19
37 283 15
3 368 19
236 309 21
84 172 16
278 394 15
229 308 23
458 119 12
431 26 18
113 265 9
12 278 4
50 13 30
328 472 15
270 350 6
337 274 18
205 327 28
495 236 25
479 146 6
323 124 33
187 290 20
498 302 1
464 26 20
154 25 27
402 250 16
305 295 19
246 419 35
65 369 21
70 227 12
364 35 30
175 135 17
301 356 11
483 330 18
472 309 21
266 204 26
83 149 14
139 438 14
35 323 24
152 62 18
410 392 17
21 242 22
106 387 19
425 27 23
416 366 24
111 63 28
82 464 32
414 412 21
393 123 22
68 113 13
203 93 20
302 358 23
29 156 21
202 73 8
49 51 35
323 437 20
433 389 23
148 487 23
442 491 7
149 294 40
2 151 16
180 357 22
201 21 28
373 257 21
239 246 17
262 426 27
444 8 30
359 478 23
410 439 26
430 199 16
118 432 21
260 74 20
157 124 29
180 309 11
252 285 31
129 383 8
427 418 10
478 313 27
178 457 19
246 331 28
203 13 30
377 304 23
302 106 16
38 94 9
26 25 21
272 22 20
498 318 33
58 375 30
13 330 16
142 203 41
17 424 23
203 352 24
290 287 23
154 268 9
405 40 12
178 131 8
40 287 19
353 33 22
471 82 25
108 203 26
103 389 21
270 92 14
221 271 15
451 428 15
391 169 15
454 216 28
384 130 17
322 55 22
30 319 32
199 309 21
117 367 6
383 457 30
97 218 24
346 260 20
326 439 14
343 345 21
71 377 18
209 157 25
59 70 9
115 335 35
226 356 16
188 411 15
346 498 23
366 448 16
87 30 11
417 99 10
498 450 24
111 101 26
197 448 24
212 268 15
290 377 4
459 287 14
46 288 30
105 297 18
273 427 16
138 371 22
389 38 30
410 362 6
53 37 2
441 424 27
471 417 36
336 468 3
62 364 16
333 282 19
223 216 20
456 108 26
243 411 18
261 461 16
494 394 11
21 285 17
98 82 13
312 139 15
105 71 30
101 263 21
438 279 19
399 282 32
354 291 21
104 118 33
283 207 15
117 28 23
82 400 27
320 448 28
394 297 22
342 29 24
193 246 24
93 246 28
223 369 16
223 463 11
151 212 27
355 127 19
217 103 23
111 360 24
390 255 22
435 29 20
480 324 14
314 55 20
172 234 21
322 452 26
133 369 17
455 317 34
478 307 12
312 201 14
448 351 19
87 37 25
110 290 17
225 331 21
254 279 22
332 83 28
178 51 19
333 57 18
279 486 22
32 146 18
394 173 14
169 75 20
225 326 39
497 84 18
488 327 13
231 411 11
353 126 17
288 76 26
454 196 26
28 357 22
147 468 26
222 163 26
119 135 16
96 37 26
168 369 23
260 199 15
227 104 29
123 142 25
165 131 23
464 176 30
145 53 12
157 71 24
482 204 23
97 396 20
160 348 12
263 369 12
17 458 19
494 52 11
311 41 22
150 414 32
139 15 18
125 459 12
71 355 7
67 279 1
375 498 27
473 368 19
212 10 14
483 455 22
118 239 24
116 158 20
299 295 16
473 81 13
360 313 13
62 207 19
202 431 3
284 178 15
200 404 23
406 326 16
428 421 19
58 442 15
282 493 22
337 444 28
471 289 25
132 234 26
151 82 9
237 152 26
105 167 13
32 459 16
57 342 17
351 265 24
212 70 21
192 413 7
338 181 27
354 299 12
272 212 2
226 304 16
128 196 8
495 420 20
212 39 26
307 17 25
438 410 15
299 423 29
486 410 28
58 64 26
393 293 16
138 223 33
284 283 25
401 170 26
39 439 27
298 344 12
492 235 8
377 435 18
392 363 24
30 448 20
240 344 27
498 445 25
316 215 32
195 454 13
480 189 21
462 180 36
5 181 24
58 108 30
409 294 16
491 297 24
59 219 33
317 237 7
117 260 21
470 174 36
212 280 23
300 362 18
251 47 14
233 69 32
32 148 34
160 447 36
440 136 15
66 369 11
258 219 27
387 66 26
301 404 29
287 314 22
25 474 1
214 192 17
195 385 10
65 398 19
276 186 26
222 18 26
268 249 27
475 1 33
409 109 10
212 454 37
333 144 36
149 142 25
17 86 16
414 214 12
307 61 2
457 319 24
278 434 25
41 488 1
247 349 14
192 152 21
397 265 27
20 179 9
170 168 8
181 13 17
373 238 17
315 129 33
74 223 12
210 345 8
88 299 15
369 388 23
384 23 11
398 409 23
301 281 23
245 87 21
328 140 20
174 27 15
157 251 23
30 292 24
22 271 15
268 494 13
224 203 9
349 470 5
187 3 26
268 448 34
138 212 35
498 206 19
318 21 11
335 88 24
50 53 25
110 104 32
240 294 26
298 45 13
98 420 25
67 351 26
61 62 30
186 102 16
323 461 34
399 41 18
156 316 16
60 18 27
94 100 17
51 188 19
130 77 27
346 273 22
118 58 4
219 347 22
33 189 23
90 233 14
151 481 19
202 377 33
109 301 15
176 104 14
333 212 3
268 87 17
381 12 29
101 142 18
241 311 20
16 473 5
76 435 25
53 118 18
292 215 44
148 268 15
132 65 25
299 236 26
306 32 9
222 417 1
399 418 20
55 489 11
320 423 28
488 410 13
320 456 6
73 210 38
397 131 36
89 41 21
287 31 23
323 234 26
46 227 25
158 15 20
227 421 21
471 235 2
315 329 13
358 210 30
188 228 29
326 112 20
229 94 23
338 315 10
329 374 9
22 213 3
251 493 24
139 67 23
234 356 23
160 96 19
4 205 29
460 93 12
170 201 14
333 283 11
403 240 23
113 324 20
292 134 27
155 139 24
423 480 5
436 494 15
295 15 23
344 371 9
382 251 24
370 428 16
433 254 26
344 181 34
423 384 25
370 194 27
451 21 27
153 194 11
446 40 29
407 205 19
468 39 23
115 489 28
456 309 31
161 366 17
72 362 14
442 200 27
242 99 27
82 79 19
65 468 17
424 457 26
271 451 28
311 292 40
137 392 14
441 84 26
100 410 39
258 479 15
60 415 31
83 455 19
439 404 20
102 296 20
342 12 24
176 284 20
308 153 18
337 476 24
131 145 21
446 150 21
193 491 9
254 42 25
131 241 22
341 328 28
131 327 18
146 358 14
317 204 30
23 181 22
68 92 20
370 233 20
101 20 15
154 416 50
345 83 31
2 463 20
1 388 20
391 69 25
48 326 25
49 147 19
479 367 27
283 475 27
185 178 9
139 312 16
403 397 14
461 285 29
449 219 15
272 475 16
79 255 24
424 366 22
58 380 22
351 135 24
71 12 13
411 257 23
105 265 14
441 423 14
12 171 16
374 300 5
174 213 22
377 449 31
135 52 28
105 353 15
215 375 12
11 406 17
142 491 1
463 160 27
422 268 21
195 390 11
228 88 23
203 312 20
189 180 12
403 272 20
434 406 25
194 380 19
334 351 17
71 134 17
280 28 21
96 10 14
48 170 12
454 308 7
413 262 18
277 42 17
492 112 20
293 67 9
466 391 12
374 8 9
319 382 16
313 309 25
208 290 14
274 427 23
337 230 20
100 142 12
333 76 19
18 33 10
263 357 10
430 212 16
69 370 25
366 126 21
392 273 33
114 208 23
364 235 12
361 380 14
87 100 16
352 55 16
18 38 21
416 210 32
250 125 23
131 408 22
28 156 22
14 382 31
477 79 22
429 2 19
440 181 34
443 393 15
467 263 6
331 59 10
32 98 9
420 436 15
117 188 18
125 120 8
390 91 20
196 459 26
202 300 14
191 434 30
252 490 19
93 417 15
408 203 24
488 24 17
179 82 2
449 315 29
302 181 19
106 317 31
387 357 17
269 18 27
388 154 31
36 6 4
195 292 35
69 343 32
420 197 26
66 433 14
464 110 22
36 403 7
451 296 17
235 422 11
286 58 16
453 244 28
390 191 19
398 389 21
395 449 19
228 125 6
215 180 15
223 278 18
302 24 4
197 257 31
264 274 16
348 482 2
44 245 24
319 265 10
93 31 8
346 124 28
46 177 12
396 104 18
468 473 25
193 118 32
456 386 20
471 272 33
116 211 11
80 387 32
367 381 33
292 51 42
40 95 17
41 322 19
375 98 27
280 423 19
68 383 18
249 422 10
497 77 30
230 237 0
459 341 18
23 28 18
457 227 27
127 422 1
239 108 23
50 387 11
380 140 19
433 444 16
480 191 20
266 116 23
211 159 13
0 324 25
133 284 26
427 346 18
140 71 24
239 78 17
353 445 17
296 205 23
421 315 33
154 201 24
208 82 5
466 332 21
307 221 29
459 94 23
498 359 14
419 83 28
204 235 16
293 444 12
256 169 17
324 221 20
389 13 20
311 130 31
131 290 21
385 103 26
361 98 25
364 237 26
7 302 15
90 462 20
401 463 23
427 490 16
289 305 24
123 402 26
212 380 13
258 201 23
301 76 26
98 52 14
124 302 14
416 43 7
28 314 21
420 105 21
107 125 7
493 370 12
488 409 8
303 107 25
29 183 28
225 392 15
93 478 24
170 85 6
455 246 33
81 432 26
143 460 28
304 443 15
399 155 7
11 379 22
276 381 13
192 159 28
316 339 20
235 208 27
19 381 1
269 428 20
63 231 26
174 475 22
55 70 28
257 86 35
488 350 19
324 31 21
240 186 30
87 88 25
203 165 9
39 203 20
210 366 1
47 28 24
151 353 22
114 358 2
388 459 28
455 276 33
488 54 30
2 102 22
276 343 30
247 87 26
295 361 20
484 418 21
256 142 27
273 165 16
371 325 33
94 384 22
388 338 32
18 15 29
448 311 15
76 126 12
444 443 15
334 70 24
381 139 11
365 171 16
30 197 27
181 493 27
148 337 32
327 93 11
430 428 5
197 139 14
68 224 24
379 389 15
23 417 23
99 392 15
221 330 4
423 283 4
178 418 24
365 85 13
447 121 28
353 321 19
331 21 18
198 121 25
451 476 15
130 433 18
73 44 35
336 424 13
173 86 9
213 158 11
381 358 10
330 109 18
449 264 17
276 190 22
275 242 23
182 378 26
219 66 16
155 14 23
296 169 23
64 431 18
168 348 23
255 108 24
33 410 17
365 435 20
143 29 16
262 116 14
114 174 23
473 154 14
456 20 26
417 388 25
89 435 21
37 345 14
322 26 21
277 325 14
5 174 17
486 97 17
107 164 12
270 100 27
133 380 34
437 241 15
206 334 12
28 109 28
138 330 6
129 96 20
108 180 17
481 96 6
81 38 31
244 251 33
205 3 11
308 304 16
49 248 1
388 170 25
322 422 24
48 479 19
325 266 24
62 347 19
154 309 15
389 64 42
130 329 20
116 84 17
135 44 23
415 221 15
427 16 33
398 150 28
158 156 22
299 94 25
180 298 21
173 215 35
404 115 19
460 275 2
106 291 6
474 151 13
329 419 18
291 61 33
133 359 11
35 12 12
122 226 10
450 295 26
290 435 29
208 305 20
344 405 16
401 214 27
245 487 22
81 412 18
65 245 30
62 116 22
15 326 24
218 246 19
235 337 5
186 321 22
448 321 18
207 11 6
192 69 15
493 55 15
419 147 8
56 36 14
205 294 21
429 332 19
34 55 22
136 180 13
227 62 16
254 347 27
240 397 7
490 369 15
487 428 12
461 63 18
291 187 7
18 444 10
257 68 20
255 456 22
211 187 28
455 119 16
423 5 17
175 102 10
397 154 19
116 57 31
406 330 17
247 110 12
187 339 19
238 208 8
254 6 12
250 142 16
141 490 6
37 424 16
456 256 14
497 161 13
253 379 26
121 397 24
137 96 10
247 194 24
312 184 32
91 333 27
280 366 22
277 443 12
394 181 15
400 303 36
42 95 23
251 202 10
49 176 21
222 342 12
253 145 9
489 423 32
46 97 38
474 89 19
439 430 18
313 361 18
476 351 4
222 48 30
246 359 12
18 258 3
19 219 13
304 178 32
353 32 22
252 147 24
415 43 19
51 39 28
411 40 27
313 98 10
129 441 15
26 444 26
282 116 13
60 395 24
333 155 26
159 491 13
268 90 11
316 96 13
169 223 22
253 114 17
181 165 7
298 167 25
155 430 27
398 29 17
266 458 23
33 190 21
414 379 27
267 386 22
187 477 22
360 129 28
410 261 16
89 354 24
24 23 15
429 200 13
220 242 17
384 104 15
279 470 14
183 280 25
89 243 21
386 377 37
219 31 21
486 411 18
40 1 23
75 487 8
59 254 20
494 440 13
79 441 24
404 324 23
478 309 23
400 137 13
89 463 28
262 320 32
193 437 25
496 369 27
11 106 21
472 164 25
41 155 30
133 5 28
205 301 21
419 416 26
33 429 32
403 131 15
234 85 24
470 459 35
334 409 22
188 35 31
197 81 20
444 47 15
52 233 27
39 382 22
41 52 11
90 248 16
346 432 16
387 119 24
213 72 25
295 331 12
289 141 5
445 217 18
347 297 12
107 150 13
493 490 11
32 344 28
36 137 6
180 452 20
56 57 15
265 153 12
307 477 6
396 432 31
188 427 38
104 359 24
454 31 21
250 329 16
14 109 15
444 452 22
216 26 27
8 403 16
469 62 24
113 31 15
352 224 24
223 497 23
50 291 28
111 348 9
214 268 26
362 325 21
345 380 34
489 273 5
130 439 24
254 194 11
445 130 7
1 468 23
431 131 24
423 166 0
144 132 14
243 34 18
434 232 21
49 233 25
45 139 15
469 133 2
204 491 24
79 269 5
368 403 28
154 56 3
151 64 17
134 475 19
430 397 20
391 223 14
143 308 20
375 457 15
344 104 13
283 97 19
6 444 25
486 388 20
62 236 12
260 471 19
367 72 18
95 154 14
115 214 33
324 99 14
401 34 22
328 120 15
477 157 9
143 201 33
275 30 26
304 407 35
277 231 11
1 492 11
442 67 18
458 87 27
404 97 10
9 459 18
65 48 17
220 306 11
498 38 0
50 252 17
81 178 5
252 351 7
352 129 25
48 104 22
278 38 28
486 73 16
11 126 26
239 353 23
364 283 24
196 265 22
33 462 24
283 334 37
102 194 9
20 175 25
365 2 23
169 62 37
3 119 5
242 156 34
302 292 22
223 123 21
103 498 17
429 305 17
6 121 38
55 100 38
30 266 19
274 276 28
121 411 17
482 111 21
162 197 16
238 46 29
491 199 17
386 191 45
86 72 25
316 0 19
339 209 18
250 369 28
353 53 24
64 374 18
21 119 20
219 348 35
109 13 17
100 329 20
474 72 30
429 302 40
422 332 17
446 294 35
332 223 17
348 379 15
457 417 28
193 34 19
134 177 0
176 244 14
94 307 13
261 216 15
156 176 18
180 375 24
70 89 19
140 5 9
56 24 22
346 227 27
419 112 31
194 73 23
219 293 20
430 352 11
468 425 14
238 94 13
54 131 17
401 222 9
274 322 20
354 133 18
304 205 21
199 77 19
377 166 10
177 233 17
291 374 28
50 220 29
280 265 27
295 354 24
384 273 28
371 299 3
398 413 13
154 489 15
330 211 14
10 474 20
230 372 17
345 5 14
183 244 13
145 247 22
300 120 29
265 52 16
303 82 22
394 218 23
346 341 14
250 129 43
366 341 27
80 330 17
118 384 18
139 441 26
181 207 25
431 412 19
460 465 20
468 309 8
336 395 21
286 441 28
256 341 26
425 419 24
378 138 6
146 221 25
197 147 19
315 338 5
277 9 19
58 53 9
399 161 24
111 267 13
482 27 28
497 103 10
126 90 21
263 477 21
317 208 22
456 145 8
29 380 28
470 363 19
310 51 3
114 236 12
254 282 10
51 321 30
380 277 27
191 113 22
283 341 4
212 84 21
136 352 8
93 250 20
44 399 17
486 121 12
279 255 2
232 366 17
131 256 10
126 216 26
339 138 18
109 238 22
331 17 13
456 103 16
190 130 10
244 461 23
491 343 37
353 383 29
233 348 21
312 306 16
122 359 34
387 344 18
177 229 17
53 160 16
254 112 19
249 411 22
165 453 15
148 366 27
101 24 26
267 174 17
183 153 7
167 407 15
421 490 11
334 478 21
9 76 5
476 151 27
15 280 18
137 494 18
92 132 8
26 279 8
107 88 5
15 300 18
450 468 13
417 56 15
221 331 18
278 317 29
344 183 17
466 97 16
463 440 17
383 17 12
417 145 28
131 121 3
26 355 17
495 232 3
285 54 11
1 78 14
207 326 27
321 235 24
374 488 33
445 51 8
51 405 25
145 213 18
228 31 16
386 387 28
482 92 20
98 438 24
16 384 14
170 279 11
361 36 7
4 83 19
452 218 16
453 245 6
173 349 28
226 37 27
439 181 14
80 309 29
359 138 14
144 183 18
208 124 43
83 413 0
205 419 13
214 176 29
126 57 4
30 299 27
204 286 40
432 258 16
62 381 20
465 457 30
5 281 29
188 309 17
156 315 29
349 392 19
175 306 20
200 278 24
266 159 10
472 84 18
43 114 33
353 411 12
230 336 17
131 448 21
81 393 42
142 158 27
336 266 12
271 455 24
27 475 25
234 406 32
80 7 11
150 400 32
346 242 29
379 113 15
499 280 29
207 473 18
309 105 24
456 146 32
160 390 19
245 77 30
6 387 35
229 444 4
408 115 18
139 240 12
231 246 18
8 181 22
489 158 11
49 409 10
136 453 19
479 166 13
166 287 13
46 157 20
443 33 16
91 175 24
50 434 29
197 442 29
341 21 7
400 397 11
349 13 25
119 320 22
18 334 29
128 373 20
390 5 16
277 480 18
459 392 29
473 379 33
493 340 26
161 245 18
389 353 21
395 480 18
38 305 13
257 178 29
252 148 29
412 282 19
409 26 24
477 150 34
305 331 25
451 195 5
291 245 21
78 83 14
119 310 26
240 473 31
322 11 23
377 369 6
107 26 22
499 441 28
81 103 18
64 326 32
238 82 8
13 189 30
485 368 13
461 470 13
372 197 29
17 61 19
363 64 34
313 435 9
326 357 13
262 155 15
477 107 2
405 20 14
473 106 18
311 360 25
398 92 19
5 449 25
110 179 16
10 379 18
246 487 27
117 64 13
295 148 30
251 288 16
451 236 17
158 45 1
301 360 19
416 128 9
46 428 22
246 195 22
157 135 3
210 171 32
380 485 15
290 498 8
329 469 19
313 123 20
484 108 15
123 103 23
125 487 9
173 256 11
349 147 21
314 375 15
5 142 25
367 371 17
176 37 27
14 486 10
273 358 16
134 404 20
130 285 41
245 152 24
454 356 23
173 244 29
27 52 11
295 99 11
440 135 13
118 396 12
419 234 6
0 426 17
99 16 29
226 421 19
137 147 30
233 482 17
20 474 14
450 461 12
219 390 21
50 318 13
277 406 8
158 41 17
204 70 23
273 166 21
360 174 17
66 399 28
119 314 24
415 357 30
74 242 34
10 234 23
362 453 15
342 109 9
251 79 5
34 56 16
465 442 17
34 43 8
8 453 32
463 472 17
356 172 12
57 403 23
376 222 19
196 19 22
330 139 12
399 90 3
218 498 34
357 408 16
53 30 24
167 409 2
191 426 12
1 422 20
327 323 25
216 337 15
377 86 28
326 113 30
145 347 23
385 303 6
239 432 23
101 339 17
39 364 28
435 22 19
412 292 19
230 317 26
364 8 20
177 294 24
246 348 17
484 355 26
20 449 17
339 79 7
443 223 26
375 462 25
366 239 11
157 327 7
430 164 28
204 487 21
89 450 18
149 420 22
414 358 15
199 448 16
147 181 34
417 487 25
269 80 16
227 323 31
17 95 27
140 17 30
24 317 31
408 52 35
276 142 6
130 263 18
208 66 12
168 358 18
429 424 15
253 173 14
471 114 25
353 268 11
23 390 2
461 169 19
150 439 22
42 303 4
382 247 1
21 93 6
490 431 20
11 119 24
315 284 27
209 174 34
323 358 19
476 169 21
173 302 16
462 410 11
379 57 22
98 239 10
120 364 8
158 372 28
104 116 9
125 488 23
415 483 34
64 30 12
368 199 19
471 202 15
55 38 18
194 240 12
412 291 0
170 242 24
158 2 25
3 258 23
496 412 24
134 11 21
472 410 22
98 455 12
361 53 16
358 474 21
349 319 21
351 368 0
111 40 29
424 321 32
173 31 21
392 290 17
367 157 21
58 18 26
57 391 26
264 283 30
220 101 10
258 374 19
407 316 19
259 262 7
450 342 32
467 256 26
400 271 22
343 133 3
291 28 28
357 474 9
337 109 20
251 266 17
460 38 13
153 65 26
476 133 25
106 441 42
425 70 30
338 377 15
224 22 22
75 439 27
128 386 25
64 31 20
420 498 23
446 330 9
188 485 11
357 475 32
133 303 8
494 435 20
472 497 18
56 68 28
81 250 24
101 275 18
307 234 17
12 188 25
214 41 26
125 148 15
428 430 18
309 452 16
471 220 21
187 230 19
241 391 21
419 194 12
473 380 31
261 391 21
54 178 11
314 28 10
174 115 30
428 30 16
323 189 14
281 382 19
157 231 26
32 176 13
416 374 22
434 149 20
416 264 14
346 423 3
192 377 27
245 318 20
42 0 23
126 71 32
496 24 24
301 242 24
58 217 18
253 98 8
115 201 24
188 44 31
336 5 22
107 178 13
484 350 29
289 75 13
85 399 28
491 138 16
169 45 2
334 284 18
252 66 20
466 246 20
0 43 29
439 25 20
109 3 12
70 115 17
329 236 6
216 494 17
112 327 16
440 101 16
184 65 35
460 356 18
409 186 12
304 402 26
433 48 31
458 52 5
159 481 8
133 192 29
201 122 10
444 332 30
494 322 9
300 491 20
467 128 29
244 485 18
382 183 12
157 419 21
179 258 19
423 165 25
92 473 30
270 495 12
186 413 24
384 345 23
239 86 26
8 333 25
88 35 29
448 232 20
316 440 17
204 152 13
279 462 24
57 440 18
184 51 12
426 349 24
242 216 27
129 309 28
71 416 21
294 252 20
327 420 19
43 229 13
134 218 23
252 347 32
212 218 8
224 132 19
180 465 26
494 105 13
396 329 24
104 390 14
221 30 14
149 331 24
355 190 14
25 481 28
55 441 17
55 117 10
473 339 19
133 304 27
162 392 33
304 63 25
162 175 27
144 255 17
346 262 25
273 252 8
374 485 14
247 63 10
437 82 7
407 342 14
353 406 26
456 335 19
387 392 16
302 497 16
20 198 16
453 305 23
225 369 14
117 201 17
206 426 27
364 460 8
309 325 9
23 256 15
239 117 30
33 219 25
498 121 22
462 92 32
85 31 8
33 112 14
113 77 29
99 79 26
352 153 24
165 177 36
37 173 19
157 166 39
368 286 28
273 484 26
50 326 11
422 14 20
183 452 21
285 424 28
235 105 1
9 67 14
401 67 20
260 95 18
484 238 30
346 349 23
16 381 16
33 451 28
176 479 21
155 421 15
118 65 4
65 466 21
73 78 37
168 397 34
305 227 11
265 355 13
40 344 26
65 317 4
50 396 17
379 420 11
433 307 14
433 242 30
230 21 27
299 32 16
17 97 15
294 3 22
12 364 16
328 105 15
69 38 17
481 480 21
239 310 22
174 476 28
157 476 28
408 74 24
179 97 24
27 205 30
488 355 17
277 298 20
228 358 37
17 387 11
124 474 27
367 309 10
289 171 27
459 363 21
5 220 28
385 479 31
297 62 36
397 296 0
279 429 13
336 277 19
191 435 15
155 90 17
259 137 24
109 21 18
176 378 30
260 368 19
115 363 28
46 28 3
149 14 7
239 325 36
95 72 25
9 199 18
310 113 28
384 96 23
31 144 21
15 338 12
414 315 13
168 314 29
393 234 12
489 233 41
386 95 29
286 26 24
323 121 6
331 284 13
230 431 19
139 297 40
46 11 28
118 250 24
488 21 16
216 91 11
303 263 12
185 379 22
237 46 18
280 244 19
213 70 14
254 431 26
428 390 33
248 427 25
223 58 16
144 269 23
27 157 32
377 48 15
96 184 15
445 79 14
183 213 22
179 458 11
177 319 9
228 0 9
457 99 25
72 260 16
32 58 17
269 225 11
51 304 31
343 315 34
153 376 9
409 375 20
429 96 18
255 331 9
499 307 33
399 274 25
28 375 16
279 409 27
123 313 10
92 125 32
469 269 1
351 377 18
490 85 14
450 424 16
375 441 19
384 490 16
274 450 36
109 486 23
444 241 20
437 451 9
104 167 6
256 484 10
235 481 7
144 86 11
400 323 11
140 499 19
434 150 4
281 233 13
381 307 21
112 458 11
183 229 16
127 115 20
227 201 14
447 301 33
62 315 11
259 50 23
169 164 32
144 17 27
311 224 12
490 486 15
163 110 27
50 136 6
372 441 15
383 19 16
244 459 35
56 192 16
200 167 23
5 93 15
242 96 15
366 46 31
367 280 22
117 166 16
78 209 29
262 329 24
377 89 29
176 432 5
300 343 27
316 311 28
248 349 27
406 136 20
300 308 18
131 264 23
17 348 12
145 115 11
437 3 7
145 278 17
453 302 6
377 285 9
249 100 13
330 39 7
462 480 22
184 409 23
124 494 33
133 392 11
122 219 23
67 73 46
49 15 19
455 433 34
120 172 17
335 262 21
249 225 20
57 222 21
356 144 16
171 38 16
247 434 21
63 483 19
185 349 10
354 79 11
102 81 26
334 53 29
392 115 14
45 115 25
24 115 13
34 107 20
218 371 24
260 263 21
116 497 29
335 235 10
48 56 8
448 335 13
312 192 25
181 223 8
267 45 23
326 154 23
355 182 28
373 17 17
251 391 29
286 371 23
62 185 24
456 304 25
422 333 6
467 404 22
344 315 16
305 438 38
222 479 25
277 58 31
213 178 30
459 311 19
248 263 11
118 21 2
478 239 21
192 435 25
215 369 32
188 244 19
75 496 22
491 475 30
308 300 18
301 458 20
285 471 14
109 160 13
4 306 32
192 252 18
332 84 29
237 377 2
456 100 21
184 376 26
261 333 29
323 339 25
52 382 14
325 268 18
191 143 16
2 468 23
458 165 8
426 358 17
98 101 17
243 22 17
75 493 9
316 459 23
477 90 18
291 106 21
462 208 22
232 235 29
306 451 20
494 254 19
465 104 8
27 235 23
164 289 30
104 284 13
315 83 23
100 480 20
87 21 23
453 14 25
117 417 21
37 69 6
248 212 33
93 231 18
238 196 18
121 199 10
219 189 21
310 405 29
239 313 30
409 255 29
353 168 16
411 446 19
423 311 20
466 67 23
378 110 35
320 263 10
490 166 21
91 454 19
9 211 28
379 128 22
445 299 13
414 258 16
332 204 12
347 435 25
264 71 8
24 262 17
93 298 27
139 398 24
452 207 6
59 494 1
199 498 12
387 1 27
202 331 25
176 453 17
227 312 15
187 160 22
400 42 19
413 475 21
180 137 43
115 484 26
381 238 12
384 167 22
432 479 19
342 126 7
180 121 24
10 38 26
267 244 28
68 258 15
449 225 14
252 238 24
200 421 22
399 294 21
458 268 14
415 434 18
393 287 28
402 50 12
382 254 25
188 415 16
81 480 25
181 306 20
274 328 23
75 42 19
132 63 19
439 383 46
458 163 20
473 271 12
464 491 30
299 460 21
70 237 11
86 157 19
290 294 11
432 48 13
444 174 25
386 123 29
220 82 21
47 354 26
188 420 6
67 475 10
399 142 25
432 374 16
344 226 8
329 54 26
98 423 14
351 348 7
130 18 24
336 294 7
65 218 29
62 242 15
19 402 24
297 199 10
420 302 21
413 91 9
40 45 16
61 459 15
72 277 24
233 388 29
476 118 22
478 38 20
197 138 21
327 176 11
194 303 14
101 66 13
285 73 19
291 421 20
457 473 33
185 13 32
287 16 24
497 438 23
498 262 22
153 261 13
424 101 32
212 264 26
245 183 32
85 193 13
131 275 22
465 341 16
235 70 22
270 295 17
309 469 21
74 416 11
407 128 11
165 349 18
190 75 19
192 417 19
84 274 18
69 496 25
113 182 19
310 133 21
10 330 11
227 441 32
471 159 19
407 38 26
197 446 16
444 243 2
378 481 19
358 479 8
71 327 30
65 41 23
106 75 19
358 268 22
283 51 17
148 348 21
53 406 24
435 189 29
291 290 14
185 107 11
316 460 11
218 483 31
33 14 21
108 388 33
206 163 10
183 317 18
22 446 16
285 45 27
284 347 36
321 43 19
287 64 23
18 133 21
461 430 10
29 453 9
74 497 15
425 311 14
75 262 32
308 353 12
65 489 18
160 474 14
223 270 25
498 232 26
350 340 23
70 41 30
372 330 9
468 255 18
476 140 4
32 65 33
304 228 15
54 291 16
111 355 19
367 310 29
358 423 30
441 351 24
178 380 24
286 351 16
420 276 27
354 482 24
104 78 21
79 298 25
125 386 19
183 88 2
61 126 15
376 263 23
499 342 17
35 170 20
429 441 27
386 218 28
228 376 13
147 223 14
333 60 22
160 238 13
24 499 3
423 376 15
466 11 5
33 157 1
236 328 19
18 215 3
222 224 10
399 114 28
88 360 29
198 158 17
360 413 27
429 406 23
70 369 6
23 9 19
491 106 7
407 215 15
237 382 13
128 155 45
179 355 17
344 170 22
441 112 30
481 195 9
22 355 20
163 184 25
139 81 30
321 488 10
359 410 25
10 106 23
332 212 6
365 89 17
43 262 22
406 5 25
373 35 26
219 343 21
232 307 8
23 133 34
262 75 4
265 128 32
380 179 18
246 124 14
420 427 19
410 248 29
117 94 5
8 66 24
493 470 15
290 378 35
237 244 11
381 2 19
190 277 37
305 282 8
111 326 18
253 214 16
497 416 20
17 218 22
367 355 7
260 201 28
127 480 18
146 11 22
15 293 10
262 220 22
208 349 8
296 141 19
9 131 34
443 479 14
277 296 21
201 429 17
314 251 15
425 6 18
499 11 21
430 176 20
339 397 20
174 313 11
462 210 27
412 148 27
261 494 20
464 41 30
90 433 17
138 389 22
128 374 7
9 176 14
85 332 26
389 200 15
337 51 27
294 17 12
193 158 26
183 350 13
237 442 22
355 147 21
23 68 18
364 210 21
187 157 31
127 190 18
109 247 16
164 403 25
499 91 27
335 440 18
128 101 15
73 18 23
213 473 19
49 245 19
271 197 28
154 87 33
283 122 16
175 496 7
112 174 9
165 498 14
425 180 26
215 96 17
4 309 13
150 493 19
287 15 11
392 328 12
442 319 5
160 460 23
24 436 24
34 162 13
242 93 18
326 487 24
171 253 23
410 215 32
38 129 6
383 291 28
378 107 22
74 36 8
236 73 14
354 440 25
84 166 30
444 232 19
349 356 22
396 449 15
144 482 10
30 189 5
441 119 21
72 114 31
441 366 24
5 262 14
367 308 27
103 155 13
90 34 11
317 454 29
68 264 24
210 16 12
201 220 1
296 92 17
12 211 18
448 92 20
322 382 19
195 75 18
233 380 31
83 350 14
224 441 25
132 90 21
414 287 15
16 46 2
14 444 26
187 439 34
341 191 35
463 344 17
98 451 26
332 29 23
400 68 12
30 277 30
127 342 18
276 29 13
183 264 20
275 293 13
1 213 13
278 75 24
226 127 20
79 23 7
10 387 19
216 371 22
410 467 10
94 65 24
382 459 9
113 85 21
360 286 22
205 102 20
287 417 20
282 266 19
320 180 15
111 334 24
199 279 15
25 128 28
399 493 11
401 468 20
220 448 24
365 499 31
176 49 4
27 63 22
4 322 24
386 369 48
287 23 21
485 166 16
485 116 20
429 30 25
23 352 29
393 71 31
276 86 14
485 392 22
107 49 20
172 29 23
287 209 27
195 359 17
365 394 22
32 398 27
102 86 24
279 435 18
84 17 17
392 64 12
307 277 31
308 335 19
366 390 13
11 346 18
263 231 20
466 467 8
353 22 20
312 385 29
192 203 8
301 1 9
462 87 14
334 227 18
474 311 4
256 428 23
465 159 9
196 481 25
62 464 14
99 304 14
110 150 35
481 395 19
365 46 24
143 122 13
494 290 29
273 234 22
188 392 21
63 245 18
101 209 31
138 376 25
323 247 29
163 198 28
320 269 19
45 461 24
496 30 29
350 131 13
52 98 25
57 59 23
155 316 22
301 189 29
448 408 31
284 6 14
269 139 29
253 217 35
345 196 29
332 138 19
421 180 15
449 474 28
25 470 27
418 320 6
42 71 13
390 214 18
293 320 27
170 424 13
85 355 9
393 279 11
270 268 30
493 271 19
18 464 27
36 189 7
348 138 25
453 426 35
436 105 20
493 268 20
235 39 28
273 146 23
278 228 5
51 244 15
201 5 32
235 460 14
407 89 12
138 350 21
460 164 22
108 125 28
225 350 13
427 387 16
489 45 9
414 359 26
313 80 30
266 339 29
242 316 22
35 128 20
296 78 26
76 46 31
103 307 9
67 185 24
79 109 24
492 228 15
233 150 18
297 110 15
172 14 17
197 110 16
409 52 21
316 448 13
26 109 15
214 271 26
433 11 15
354 488 17
110 326 0
219 77 10
406 325 30
83 56 11
302 211 18
416 380 36
490 378 7
464 242 30
125 436 4
219 25 13
104 72 31
53 279 19
317 373 16
314 56 13
360 327 32
332 336 14
276 295 29
307 145 4
364 124 20
217 1 17
275 140 15
399 475 15
378 438 28
84 417 15
451 164 33
43 169 13
348 24 21
322 294 27
355 221 19
181 481 21
270 227 18
410 96 35
205 259 17
202 459 17
218 280 36
430 312 22
145 120 15
72 289 16
91 73 14
458 481 21
256 279 21
257 337 29
12 450 17
471 117 22
149 177 2
100 2 23
114 424 0
274 18 11
71 307 27
489 239 30
299 288 12
123 128 30
415 214 19
425 87 15
483 488 25
143 6 13
2 433 25
43 96 21
20 114 23
477 78 17
495 121 28
253 12 22
265 125 23
455 27 25
299 469 20
276 477 17
251 56 16
309 488 19
89 139 17
358 253 11
183 428 30
204 350 9
65 127 23
253 175 19
320 100 26
30 366 27
303 471 22
355 259 18
467 73 14
205 459 21
423 378 37
144 417 21
8 86 30
98 183 16
120 168 17
349 456 28
202 325 23
67 329 23
190 212 31
159 442 26
447 247 17
311 394 20
7 347 21
492 191 20
217 397 17
351 345 26
180 75 25
414 450 13
37 382 40
394 198 29
265 286 23
488 78 5
497 194 17
207 86 22
444 163 34
54 377 14
203 414 25
351 132 18
300 236 19
49 175 18
84 86 31
244 466 34
119 264 11
65 265 17
78 76 36
217 321 15
410 268 17
16 157 6
138 339 10
317 64 18
480 115 18
248 493 3
388 428 24
196 64 14
34 328 22
99 45 13
347 224 19
191 305 20
219 87 15
186 226 23
454 28 15
79 111 20
282 67 19
262 202 18
203 126 25
187 388 16
433 49 17
443 29 31
148 185 21
458 33 31
157 105 20
422 397 27
114 380 15
328 215 6
424 302 3
87 47 12
121 177 11
31 181 16
176 30 13
152 293 13
442 477 9
352 239 28
198 16 13
374 27 20
241 307 29
251 440 16
132 217 5
15 211 15
116 53 19
250 457 20
46 424 26
201 63 15
179 163 37
415 240 25
422 111 27
51 151 19
386 186 27
327 22 20
483 231 15
489 173 6
203 142 24
215 81 35
337 463 19
376 439 17
191 451 7
50 309 18
402 333 5
226 435 11
89 225 31
175 220 19
491 115 4
98 374 16
115 438 24
155 384 26
47 170 16
325 27 16
388 478 18
368 8 11
55 237 17
124 289 17
172 424 23
436 323 2
333 383 24
387 263 16
411 480 17
411 398 14
347 117 13
26 34 21
232 208 17
384 46 36
8 383 21
13 397 17
227 188 34
65 359 17
432 467 28
93 457 20
499 298 15
272 90 27
250 237 27
278 242 31
135 23 15
71 315 26
97 347 16
307 143 22
13 122 14
32 48 20
105 123 9
203 111 14
140 190 18
478 81 26
277 331 25
382 307 37
227 70 18
379 80 16
163 141 31
219 466 16
333 12 15
231 56 17
269 323 18
130 403 22
126 280 4
111 275 14
498 196 30
442 124 12
283 127 20
107 163 13
432 22 27
85 293 14
244 132 10
292 477 17
92 139 21
424 446 16
154 65 25
112 105 16
119 237 36
111 338 10
32 193 23
301 96 17
18 13 14
422 180 18
307 463 14
445 489 7
40 468 31
114 7 20
6 440 16
16 111 9
48 457 19
205 88 14
449 34 25
323 347 24
317 424 6
34 327 10
318 450 19
271 349 28
305 145 22
247 293 29
65 464 14
411 48 17
346 79 17
163 212 8
197 371 21
79 239 17
88 291 21
266 150 14
439 108 22
259 69 18
264 453 30
233 134 28
282 487 17
299 153 25
184 234 16
326 451 27
7 468 21
402 111 26
474 65 12
343 323 15
78 21 22
167 301 18
97 409 18
344 190 15
104 42 15
312 226 25
199 48 22
209 177 22
450 5 22
231 414 25
287 276 27
280 489 22
351 433 17
28 470 14
491 408 15
5 18 34
455 428 18
16 192 36
448 475 17
43 350 17
13 329 10
267 368 28
102 192 28
229 491 29
228 108 33
440 471 30
415 331 21
128 136 29
71 283 16
225 454 19
50 426 17
419 166 24
110 377 16
71 299 30
194 110 23
380 440 13
472 21 19
463 253 23
54 26 2
257 74 4
75 209 18
62 107 6
79 496 38
169 337 22
380 272 20
286 73 10
352 411 19
462 446 18
367 56 13
498 13 19
484 145 19
272 353 6
207 389 7
463 378 13
496 385 19
219 363 17
135 368 27
230 102 34
18 285 23
227 48 23
477 64 5
83 226 13
124 163 23
263 366 22
149 97 15
469 139 18
126 47 18
130 302 18
449 432 11
274 419 14
141 183 30
447 271 29
144 256 32
124 329 20
414 171 9
19 29 15
380 437 22
159 331 10
463 77 14
255 343 18
113 389 21
382 310 21
338 440 21
256 243 25
296 459 26
453 274 25
194 473 10
9 281 28
48 386 17
284 31 3
300 254 22
58 421 21
163 459 13
119 13 28
426 435 17
87 93 30
402 335 15
36 315 23
191 91 15
76 318 28
33 335 20
51 376 24
279 354 15
19 370 26
416 75 29
58 471 19
318 178 28
217 205 34
263 460 23
486 23 13
213 238 16
429 230 17
463 177 21
259 434 15
302 48 12
206 55 25
165 362 48
305 101 28
368 103 22
146 222 3
80 180 23
43 313 8
61 122 13
151 175 16
70 465 18
191 455 23
60 206 18
278 194 13
23 210 11
498 112 29
71 447 18
98 79 22
405 241 26
88 174 17
395 354 24
334 142 20
111 486 16
392 59 31
496 34 18
241 86 21
407 180 7
492 136 20
294 340 11
95 245 27
352 368 14
192 64 9
264 152 28
459 306 23
113 212 29
335 331 21
445 114 18
177 247 13
189 181 20
103 471 29
409 362 21
107 19 31
295 84 27
89 99 32
33 279 7
201 330 21
166 327 17
135 43 11
241 438 16
323 491 13
143 75 11
361 203 14
469 392 22
129 337 17
51 325 25
4 100 10
274 83 30
404 330 25
288 383 12
160 395 27
55 78 28
138 251 20
262 78 20
105 410 14
319 457 12
117 342 15
174 308 5
160 226 20
158 497 27
321 410 14
135 271 16
467 278 14
464 447 14
423 117 18
15 87 28
138 382 11
298 477 20
316 418 21
220 32 2
410 71 20
214 335 18
295 267 24
142 135 25
156 52 26
73 215 11
138 416 18
73 214 10
48 372 6
479 106 10
452 234 17
453 452 36
214 48 17
312 16 15
122 64 12
463 359 28
162 108 19
416 138 26
312 228 10
379 342 10
203 328 24
343 276 23
160 440 14
98 211 8
454 437 21
177 381 20
337 407 14
299 447 11
32 115 22
393 173 18
187 218 12
18 54 6
22 129 17
33 264 18
263 144 21
4 176 23
275 109 8
267 261 4
332 146 24
200 439 3
115 272 32
482 63 17
311 262 14
96 32 22
462 270 29
101 88 23
365 5 23
14 1 11
180 76 19
367 279 12
272 328 15
356 4 5
265 374 27
336 323 34
122 314 10
379 39 12
294 331 18
143 237 21
447 120 33
57 90 3
125 103 19
16 97 34
55 495 17
270 265 8
190 125 21
296 3 17
86 388 33
60 3 21
413 428 18
19 321 14
142 134 21
360 133 27
328 449 18
487 225 15
289 35 22
372 91 11
4 165 8
162 63 5
173 168 17
423 494 20
57 190 30
62 437 13
352 270 22
275 31 27
273 1 29
161 477 33
290 354 20
55 112 21
302 342 21
41 402 21
406 63 20
473 356 30
233 454 20
366 475 20
129 154 36
186 492 18
483 130 9
225 280 17
261 255 15
315 358 21
391 222 23
161 307 20
254 63 26
10 233 23
484 487 5
231 193 25
299 495 5
382 347 34
122 308 23
103 31 18
401 44 2
87 418 20
455 241 29
143 388 12
417 225 25
101 83 19
297 183 44
403 46 27
400 77 29
71 256 9
274 359 1
423 156 22
136 420 30
482 416 28
263 491 11
447 250 29
155 17 16
232 446 18
230 388 15
157 101 15
132 56 12
373 51 19
93 493 31
45 481 16
20 88 14
18 353 9
497 495 22
385 488 8
428 400 31
425 92 18
300 263 13
103 441 18
188 108 26
249 420 1
266 481 12
410 35 24
49 458 10
113 140 13
299 171 22
199 304 19
86 443 24
256 370 20
382 192 12
121 435 12
354 4 16
273 341 20
278 451 30
18 154 10
255 159 29
140 311 33
425 490 30
259 200 24
378 380 23
323 360 16
266 44 17
471 362 22
117 297 13
2 336 28
116 307 29
98 193 25
165 197 14
381 405 19
397 125 37
152 119 15
455 420 24
482 382 41
210 111 22
447 63 17
327 349 21
134 418 23
265 451 35
349 381 15
457 241 22
92 99 21
263 17 22
123 486 13
443 309 31
292 337 16
464 185 17
75 231 11
181 335 10
78 498 35
475 408 15
392 168 8
358 303 27
166 247 17
443 358 22
71 264 8
326 240 19
386 165 15
344 265 26
387 397 23
490 260 0
168 71 23
204 51 26
192 60 31
337 312 27
384 10 13
379 221 18
30 242 21
180 404 13
8 71 21
93 111 4
457 65 18
103 374 28
233 405 24
364 429 23
346 88 24
286 257 21
284 248 22
225 287 30
107 389 18
189 192 29
479 284 17
194 385 27
0 465 36
128 443 16
466 469 21
374 399 26
270 347 12
377 390 28
115 152 13
402 446 19
474 189 21
141 262 8
152 54 15
256 224 17
483 415 30
385 170 19
50 457 24
133 464 14
178 68 8
360 320 31
432 354 11
217 499 27
349 138 9
387 53 10
286 225 37
17 203 31
286 412 29
17 343 14
498 400 22
202 185 23
104 29 17
406 161 10
357 402 12
440 388 20
462 351 12
194 74 16
36 159 18
211 58 21
360 172 30
176 33 28
351 400 21
169 183 10
334 317 25
434 394 27
95 438 24
375 257 25
55 405 28
30 298 19
45 70 9
186 158 5
43 295 7
151 390 30
66 318 24
14 422 6
154 283 34
325 286 13
77 62 23
467 26 24
128 149 20
98 397 17
184 169 21
493 452 18
218 53 24
476 376 24
105 492 20
63 417 18
2 99 28
236 45 25
441 355 17
424 4 25
290 363 9
227 78 2
124 377 20
456 116 20
444 454 9
113 29 9
306 349 18
431 111 27
321 405 20
487 261 16
327 326 7
198 89 8
58 272 15
252 181 32
83 361 22
391 376 21
279 381 27
5 311 25
331 483 7
312 255 34
25 34 28
456 410 24
429 3 13
468 359 23
160 124 16
200 141 14
457 276 17
378 362 22
92 184 14
100 349 20
333 477 11
434 384 8
126 460 17
393 355 26
488 204 25
269 90 20
17 1 20
255 79 9
483 286 15
423 474 14
23 409 27
71 410 19
335 87 16
158 275 19
242 470 15
369 440 15
356 396 4
475 72 23
311 223 4
108 0 30
57 152 8
74 209 5
26 254 28
465 480 23
111 479 21
200 165 12
11 482 27
299 159 13
174 207 21
117 130 21
9 98 18
498 478 13
212 82 24
197 477 13
406 359 23
354 345 32
148 62 14
260 116 20
434 276 25
157 170 15
102 496 27
308 244 18
99 159 11
99 412 20
441 69 14
114 232 32
307 73 28
372 112 34
281 486 11
356 335 10
85 51 18
72 133 20
225 104 18
100 175 26
54 33 16
344 250 25
419 420 25
232 375 17
164 209 23
98 174 29
390 494 24
425 229 14
489 283 19
180 364 15
404 71 25
300 170 18
59 316 21
149 30 24
288 244 5
67 107 21
366 267 21
2 242 12
92 228 20
414 334 23
16 290 27
440 79 9
495 373 31
459 106 23
115 110 13
235 294 24
140 293 17
439 110 4
259 335 31
256 215 25
171 317 26
308 354 15
201 92 15
425 272 14
475 200 24
354 22 22
236 350 15
71 389 28
436 245 11
342 35 22
35 437 5
336 261 28
182 19 26
121 339 14
166 495 13
147 388 23
301 178 20
474 263 39
37 462 23
122 356 25
28 315 22
22 411 26
429 398 13
283 33 13
368 268 26
108 179 28
6 397 38
0 164 22
142 239 21
85 282 29
207 439 36
171 277 15
487 265 34
287 73 21
21 95 26
70 316 20
12 13 21
399 416 6
171 68 17
40 316 16
269 364 20
159 367 0
303 258 5
131 146 31
359 452 14
27 12 24
271 96 27
446 329 25
389 212 27
364 339 19
55 220 14
416 109 18
492 434 22
19 307 6
37 29 31
87 254 11
409 192 30
377 179 13
457 293 33
50 397 18
357 8 8
341 97 14
324 195 24
187 63 26
275 133 22
125 352 28
53 425 13
56 33 21
280 456 19
70 13 11
387 73 31
246 373 34
34 130 8
140 332 19
249 477 31
89 110 12
437 27 22
114 17 16
457 95 9
224 77 11
193 296 10
411 274 18
17 295 26
452 73 17
171 133 1
185 338 30
29 149 21
276 358 12
107 343 27
182 453 5
280 52 25
383 169 16
99 402 20
79 2 10
424 137 4
221 1 13
217 34 30
192 144 14
197 332 17
86 275 21
370 215 8
341 404 23
444 196 20
152 374 18
236 305 19
250 315 13
25 101 21
152 210 29
438 32 17
107 39 20
421 448 15
149 459 31
406 162 21
255 453 23
334 368 8
192 100 13
404 302 6
194 218 22
51 398 29
436 248 8
282 465 12
165 163 25
424 55 23
216 331 17
166 486 25
12 262 13
126 225 27
420 70 24
146 250 22
343 67 23
335 233 27
379 371 29
495 148 26
199 96 12
426 320 17
87 272 21
192 266 18
83 234 31
91 425 31
9 51 14
340 342 15
388 424 18
87 41 13
446 95 14
146 253 3
169 17 23
166 262 21
345 367 28
493 52 21
252 168 37
442 167 8
188 226 8
472 154 4
51 380 28
150 278 25
306 259 19
328 419 27
187 312 26
78 453 10
199 403 12
448 180 23
129 45 23
172 469 16
217 450 28
228 221 10
183 14 32
268 321 22
321 68 15
381 205 12
467 140 8
158 198 23
482 13 9
486 440 32
235 21 11
174 92 22
303 368 27
450 52 24
71 99 20
386 345 20
31 486 36
427 424 35
63 455 14
177 140 13
481 437 30
289 408 19
387 25 6
132 241 14
131 369 12
83 112 22
35 67 11
1 392 28
158 377 10
109 116 25
205 62 26
452 33 26
448 495 26
373 246 11
332 490 28
58 304 17
493 395 32
189 204 8
363 135 20
337 460 13
485 167 15
36 300 15
96 123 32
453 75 19
97 193 19
115 449 26
290 90 8
88 465 6
241 197 26
467 378 33
308 461 16
113 99 4
369 245 32
111 448 17
223 423 22
26 324 21
87 339 13
245 291 25
308 363 17
151 395 20
439 338 24
190 68 17
134 458 23
4 349 26
192 384 12
224 371 23
219 20 10
265 287 9
161 32 24
2 22 10
83 400 11
56 174 12
384 248 23
51 223 15
42 286 15
325 120 10
98 439 35
15 304 38
160 329 25
301 198 16
265 65 23
201 291 35
321 195 20
69 386 24
278 295 10
437 196 34
300 418 28
13 382 18
481 321 13
32 219 23
421 488 12
405 225 4
346 452 19
170 488 28
76 159 19
495 26 11
32 243 19
164 198 35
483 212 22
34 212 24
273 384 16
176 179 15
130 171 11
118 219 14
242 275 21
183 462 22
497 460 13
361 389 41
311 131 15
353 174 9
373 72 1
486 301 14
385 281 21
46 68 7
227 452 20
444 101 10
23 191 18
32 186 9
99 225 15
327 386 14
81 365 20
477 205 11
123 95 15
455 485 20
281 97 15
72 458 24
470 315 19
343 326 18
62 178 13
84 360 29
183 359 7
321 217 18
36 354 14
318 299 15
208 84 27
351 471 22
137 443 32
49 428 8
331 78 23
364 322 24
131 398 16
470 3 25
252 384 17
54 330 17
321 353 20
370 409 16
399 82 17
234 97 24
250 291 11
186 210 14
255 106 17
117 351 31
389 346 14
141 26 22
230 55 21
96 398 23
378 346 15
379 428 21
73 123 19
18 382 15
244 234 15
374 227 31
274 269 21
162 345 8
185 368 18
163 172 18
451 322 20
268 86 21
24 372 16
464 52 26
365 455 18
226 295 25
118 307 25
192 415 18
411 107 23
179 157 9
453 199 24
178 403 27
210 396 27
333 30 24
111 171 18
23 166 17
149 236 11
469 176 24
419 281 23
207 278 28
399 363 30
234 362 22
119 195 32
286 204 31
222 494 16
3 473 19
270 161 25
446 453 24
259 77 20
196 370 22
12 375 11
111 405 20
379 21 3
138 325 30
56 349 16
198 25 8
127 289 14
301 398 10
223 391 15
318 180 19
6 92 21
357 246 15
339 384 26
472 388 22
376 403 3
436 199 16
196 22 22
140 385 14
375 228 19
6 442 25
246 336 22
365 248 21
412 60 30
347 184 16
13 152 27
396 40 23
250 449 22
112 159 38
46 160 23
252 122 29
106 103 12
85 151 25
301 60 28
359 382 8
68 363 28
103 405 11
191 290 7
313 210 3
413 280 23
190 281 21
42 152 13
3 264 20
80 21 14
44 398 9
174 407 8
246 17 28
129 223 18
190 17 16
80 426 33
176 215 17
11 102 11
203 86 31
152 123 19
321 274 30
66 300 20
45 145 16
126 217 22
206 16 7
15 38 28
72 454 17
344 458 34
321 29 32
170 447 16
66 446 12
216 399 4
7 134 21
339 143 19
449 290 3
36 106 23
45 422 11
86 145 12
58 464 15
305 278 29
70 306 10
420 107 10
115 394 34
72 433 30
16 87 37
103 236 29
492 453 19
165 50 28
156 380 18
116 226 5
214 358 16
436 34 13
16 288 19
452 322 18
87 110 32
149 5 23
312 1 26
330 471 26
144 180 25
64 166 26
372 38 23
256 323 39
37 356 16
357 79 16
237 205 13
105 179 20
99 278 16
387 107 27
2 264 10
279 417 15
202 273 23
479 176 15
275 308 32
112 451 23
215 182 28
271 194 14
103 233 25
189 160 26
191 171 22
446 367 15
41 178 19
449 388 24
24 438 23
211 14 29
105 330 9
41 127 17
443 447 14
135 138 22
32 30 8
225 434 6
173 227 21
364 368 12
307 438 17
326 182 16
116 428 19
400 232 21
116 341 16
491 280 18
469 81 4
166 381 12
332 5 15
391 401 11
211 185 24
462 488 27
200 286 11
473 53 17
164 462 14
41 202 26
479 144 23
491 104 21
274 135 23
139 149 12
368 476 21
52 208 22
483 90 22
21 458 34
121 495 19
484 2 13
424 206 16
440 128 8
39 145 19
349 213 20
367 76 23
105 452 17
101 229 25
299 107 25
178 382 26
23 113 22
178 35 30
58 354 16
105 457 32
385 37 14
256 62 18
91 442 18
465 168 7
366 268 16
245 332 32
44 417 31
145 456 16
347 76 21
235 273 20
74 273 13
136 176 10
335 64 18
426 142 18
237 179 16
120 163 11
69 59 17
204 89 11
172 9 27
228 308 33
178 142 33
291 23 18
145 54 14
59 435 27
340 111 15
410 428 11
180 42 36
137 47 26
389 198 9
38 299 12
58 214 19
419 302 26
444 1 17
172 327 20
75 393 17
125 451 19
393 231 18
271 236 33
417 350 6
469 451 16
335 327 6
465 162 21
323 427 14
13 398 12
472 132 25
287 309 16
218 158 22
115 129 3
148 468 20
86 214 18
224 413 20
233 117 8
106 7 22
196 119 25
368 226 20
476 359 33
207 253 17
279 77 33
357 211 35
266 469 34
421 4 23
73 455 31
308 143 14
23 51 21
250 167 24
26 280 23
41 1 15
250 15 9
409 102 17
63 26 15
17 114 6
74 75 24
268 441 9
92 444 8
422 279 11
285 304 22
244 212 38
206 31 19
392 147 20
499 450 20
201 324 4
380 31 28
4 222 11
152 177 16
179 312 19
396 282 25
416 498 21
495 201 30
440 360 25
85 133 21
156 360 6
415 421 8
278 296 19
437 263 13
248 463 7
186 223 22
316 499 13
215 12 29
222 357 33
436 79 18
321 126 22
261 32 10
17 478 23
61 226 21
409 93 10
175 365 18
211 476 21
83 272 7
23 66 20
160 109 13
345 412 10
233 369 12
414 84 14
438 94 27
296 155 17
137 172 19
10 115 10
420 442 19
15 408 5
462 377 22
499 224 12
374 282 12
49 119 20
47 163 25
480 415 19
440 170 28
137 355 23
198 321 26
101 272 13
231 32 17
188 202 12
276 31 22
437 326 5
387 316 14
229 268 29
226 15 12
196 386 29
461 283 22
180 288 26
234 462 25
234 186 6
33 305 32
113 416 25
218 293 21
480 298 21
0 493 9
195 425 25
301 35 17
405 447 26
458 316 12
252 242 19
57 491 27
254 284 34
196 350 24
32 448 16
271 141 28
248 326 25
144 194 22
278 127 21
346 232 20
332 19 11
94 413 7
290 37 24
195 8 18
150 230 26
192 294 15
296 20 19
392 3 29
62 189 22
205 235 10
104 144 19
424 67 20
288 132 24
118 419 20
311 82 5
154 450 3
390 57 27
292 255 18
482 293 9
442 388 20
76 167 44
215 295 18
345 328 18
287 475 21
339 87 30
139 185 17
13 354 5
139 36 12
494 125 17
90 407 20
369 467 12
127 248 6
251 212 15
437 194 31
306 331 32
102 367 12
439 171 9
11 226 11
168 75 16
422 437 26
59 132 12
216 419 14
491 171 11
391 217 19
358 64 21
165 212 25
215 382 9
239 290 15
157 165 16
154 378 23
137 48 22
433 93 12
201 370 22
200 209 21
8 347 25
436 331 23
10 169 25
383 147 20
244 170 25
288 331 25
28 137 34
337 292 16
40 459 29
364 65 33
159 194 23
439 444 26
378 466 27
330 356 17
213 318 21
449 408 27
9 163 14
185 45 15
453 289 14
151 196 24
354 3 21
227 495 27
219 86 26
179 28 16
110 390 35
187 82 23
435 324 7
281 254 25
280 259 27
363 292 31
58 201 21
494 453 26
121 228 16
342 443 22
367 313 8
70 314 28
401 148 6
189 430 28
231 480 19
216 165 18
450 125 23
62 300 36
176 223 17
194 319 23
226 74 19
81 32 16
277 150 18
245 412 28
77 111 20
150 167 13
409 232 22
31 100 15
163 32 13
258 93 13
290 53 23
5 130 12
96 57 7
450 298 10
58 480 22
480 419 12
333 218 17
33 385 27
20 302 23
455 434 23
176 209 25
52 417 17
16 201 23
3 160 16
405 1 13
464 175 17
282 135 29
171 129 13
387 329 9
473 243 11
375 132 27
102 133 15
444 256 17
372 401 25
406 36 34
110 196 13
149 316 21
73 262 16
415 190 17
157 229 16
244 352 27
354 41 26
424 411 41
42 65 12
88 347 19
17 134 37
179 202 12
394 426 27
99 387 24
141 347 19
481 14 19
404 197 24
235 260 14
313 240 27
136 415 26
236 175 35
132 159 7
51 366 19
153 391 16
417 344 7
327 23 31
13 387 9
325 159 16
427 309 13
115 255 16
50 413 17
82 257 16
399 420 20
131 89 18
448 182 16
40 154 20
325 99 23
351 194 20
302 354 33
131 100 14
449 39 19
55 283 21
154 401 26
203 334 20
287 348 14
399 339 24
136 68 13
60 344 3
139 189 13
310 388 27
239 348 12
316 397 20
173 390 25
355 156 18
198 490 13
30 204 29
194 156 13
50 188 10
166 261 22
56 135 24
306 307 35
6 320 13
152 168 13
1 13 8
139 444 23
197 406 8
124 309 28
410 221 12
104 76 19
497 116 18
257 22 19
249 286 21
254 399 21
484 146 16
174 488 14
79 45 5
492 478 9
177 404 11
143 409 14
135 400 28
474 264 13
400 78 34
319 163 11
134 137 15
158 438 8
43 337 15
321 379 17
91 469 8
321 290 11
224 407 23
91 397 34
98 135 23
227 131 11
294 245 15
333 360 20
270 298 26
237 425 7
122 77 24
78 447 1
88 159 22
447 264 32
92 159 2
8 344 7
257 245 11
157 488 14
241 73 29
56 142 24
0 483 12
26 66 10
145 402 18
190 24 10
362 210 8
37 372 17
8 231 20
140 217 1
345 282 13
412 267 19
160 349 20
272 406 18
184 309 26
493 495 20
448 437 41
145 302 21
283 197 30
204 368 21
69 137 11
342 8 31
440 25 21
239 254 22
499 300 5
471 465 18
321 418 20
347 203 18
400 463 16
155 258 6
240 451 22
344 470 21
200 182 31
92 34 20
45 238 28
246 257 31
469 238 24
1 279 17
414 382 9
461 105 26
354 13 5
33 482 20
166 407 12
436 163 19
42 252 24
56 10 20
22 390 14
367 130 35
222 21 26
136 155 30
486 50 37
18 325 28
338 259 19
367 337 20
103 382 21
315 177 23
277 339 24
286 397 15
263 196 12
119 352 30
136 280 12
392 353 14
231 247 18
226 224 11
422 286 28
226 50 20
454 224 15
410 201 41
447 363 19
376 198 26
44 73 19
174 40 21
206 311 15
329 133 19
469 43 19
8 358 13
90 287 19
165 161 13
293 319 16
67 444 20
5 88 25
208 173 23
277 241 16
112 207 20
147 307 34
327 331 21
270 279 23
253 384 24
458 386 29
495 255 18
342 261 4
304 422 14
408 45 18
151 185 23
99 400 15
3 214 15
364 346 19
199 470 21
470 164 17
63 195 27
23 351 24
477 118 16
193 228 20
498 264 26
486 306 13
196 159 3
412 77 26
30 271 18
281 19 19
112 359 12
184 391 19
154 375 16
133 248 29
452 485 15
280 164 8
168 342 14
302 323 21
258 443 18
314 127 36
203 190 11
9 267 29
458 176 27
450 158 18
381 487 17
298 205 21
463 109 7
426 79 27
198 425 13
281 409 21
101 110 14
61 372 22
11 45 22
194 63 25
192 449 3
123 244 24
244 55 19
10 6 17
345 20 20
328 163 25
112 74 16
406 81 7
166 354 14
443 119 16
118 450 17
113 105 7
399 463 20
373 430 31
228 51 31
147 261 33
208 74 23
21 447 14
83 65 24
434 16 25
247 84 22
366 418 27
372 97 30
62 88 12
152 64 19
63 415 18
373 122 11
341 199 16
483 258 35
155 263 17
259 407 16
40 238 28
394 115 15
206 344 31
416 154 16
139 156 19
309 139 28
235 480 15
460 210 9
54 373 13
162 159 1
123 106 20
246 99 0
471 69 8
245 84 16
432 143 22
51 310 3
363 294 29
453 487 33
247 359 31
11 459 24
112 290 36
374 32 18
352 353 22
121 454 25
302 293 18
147 195 26
429 183 19
141 160 20
288 437 22
265 482 23
293 24 7
427 404 16
338 472 12
412 364 32
262 389 25
300 276 17
425 340 25
366 402 20
275 174 9
171 285 45
349 427 23
271 155 25
263 367 32
53 106 26
298 476 13
377 312 20
46 38 22
196 70 11
44 12 28
259 143 35
217 226 29
271 87 15
28 213 24
14 264 21
205 29 24
406 25 18
300 299 21
497 5 27
252 0 16
313 169 8
364 422 12
149 43 26
27 280 32
235 329 16
455 343 24
276 136 14
37 346 15
223 255 12
417 425 18
346 50 20
141 59 25
19 247 15
138 425 37
147 249 0
19 78 13
34 82 3
338 380 12
309 141 26
125 412 12
17 131 14
246 321 9
238 75 14
280 427 16
157 368 27
459 408 20
339 171 18
188 441 1
242 441 25
52 65 28
33 414 10
66 144 25
359 378 13
414 388 18
226 76 12
465 379 28
368 132 22
157 400 25
487 323 22
118 24 21
169 238 12
243 166 25
327 476 10
204 409 15
237 461 24
113 151 20
124 267 15
402 13 32
214 381 25
313 296 20
56 101 20
432 465 2
470 394 6
155 343 21
186 216 41
267 278 13
381 453 25
271 416 23
228 389 20
69 307 20
46 222 31
20 153 17
304 284 33
173 498 31
35 285 11
298 450 20
2 348 19
284 413 20
479 332 22
273 360 28
240 92 12
63 227 0
475 294 21
275 271 19
258 350 24
75 207 33
439 309 23
307 337 11
85 384 25
127 45 17
84 251 24
381 101 27
228 114 16
56 89 25
302 47 28
20 129 23
213 69 13
250 435 22
280 207 8
195 157 29
281 198 17
379 252 36
309 237 17
75 400 35
292 192 26
79 452 20
381 319 5
152 484 27
468 15 24
416 74 3
432 71 20
244 151 29
474 380 13
54 115 12
489 271 7
372 126 20
468 343 4
188 496 19
370 460 30
409 497 25
367 436 22
375 405 21
114 90 25
353 410 17
442 466 17
345 110 18
65 482 25
336 75 28
89 74 1
242 77 34
460 491 24
358 337 17
375 208 18
436 468 17
94 470 26
79 477 7
361 324 25
45 33 24
411 73 17
69 269 24
275 112 16
402 93 13
3 425 6
427 300 20
487 160 24
126 390 9
384 365 18
492 458 13
326 436 28
220 46 12
474 27 13
120 305 29
371 463 16
438 243 18
124 311 12
451 352 22
201 396 16
479 499 18
148 339 21
20 305 17
155 406 15
88 169 13
334 319 18
213 216 33
29 247 28
108 133 3
155 61 22
142 343 23
336 377 28
399 462 39
438 233 13
316 218 27
23 337 9
16 184 33
84 135 24
100 244 23
354 278 14
192 305 10
131 318 14
225 26 28
184 344 16
154 458 16
182 330 18
5 416 15
349 270 8
316 119 20
224 168 19
423 228 13
378 85 18
20 138 21
8 150 20
431 498 25
438 96 13
396 455 16
284 107 26
297 229 31
108 320 21
138 215 12
90 155 9
223 447 25
313 225 16
215 183 16
153 360 29
19 313 8
46 328 28
327 184 28
24 481 22
329 457 31
435 341 19
202 69 16
126 316 18
327 124 26
144 212 28
357 137 29
45 373 20
367 456 28
338 217 29
409 160 10
348 17 17
45 387 10
366 82 15
307 164 16
296 303 13
102 345 18
20 121 23
27 463 28
486 177 11
284 84 14
23 494 23
326 110 24
462 380 25
414 354 11
367 149 17
285 104 15
384 411 21
67 16 13
459 347 25
312 118 10
192 249 21
242 481 22
358 152 21
157 15 10
69 360 9
4 137 15
454 129 32
438 421 1
141 474 29
98 43 14
198 465 22
362 143 23
41 445 23
58 370 27
337 454 26
13 244 27
255 4 15
40 235 28
431 66 20
377 418 42
141 273 28
229 446 25
122 101 25
152 234 15
378 90 10
363 227 17
377 458 10
217 350 23
316 366 25
63 316 16
121 155 9
137 51 30
21 283 9
163 379 22
70 27 16
360 318 40
178 351 11
259 420 16
348 378 16
276 179 27
413 248 20
152 195 25
123 430 17
184 255 33
340 431 28
275 385 25
297 104 36
215 446 31
231 387 4
480 73 12
271 319 10
90 97 15
426 253 22
124 372 19
314 435 21
439 9 9
447 445 20
494 355 18
209 295 32
474 421 32
174 255 3
230 173 13
206 477 20
251 426 17
156 105 22
265 455 24
103 269 14
324 124 21
10 381 18
297 409 19
349 73 16
263 106 15
433 432 33
157 213 26
281 496 27
286 346 2
42 161 23
217 200 23
358 118 15
474 492 38
296 177 14
322 232 20
134 8 18
125 427 32
421 152 20
290 209 24
261 253 15
475 177 5
268 356 27
242 94 31
339 217 25
357 66 24
117 393 24
204 3 14
412 294 22
438 400 23
137 211 28
251 150 9
200 454 18
70 384 1
155 323 16
333 409 22
332 207 28
337 39 16
157 153 20
86 116 1
351 347 19
165 147 4
452 28 23
218 11 8
348 198 9
356 392 21
329 361 15
340 186 29
13 43 20
96 220 20
466 326 6
376 324 3
310 143 29
277 395 30
275 451 23
70 458 16
438 273 13
179 147 24
136 238 29
144 118 9
486 370 9
88 280 22
102 135 34
154 97 17
66 192 29
499 448 25
252 496 12
52 177 37
147 315 23
55 260 24
377 124 36
205 261 35
371 301 29
483 285 16
323 372 39
401 451 28
98 489 13
445 208 12
83 304 12
30 246 28
24 485 6
423 121 13
475 353 17
104 233 14
234 379 29
357 112 13
92 351 2
69 355 7
480 234 10
11 329 23
43 309 14
308 319 24
346 475 31
371 152 20
184 61 15
125 233 19
438 468 12
461 368 11
232 423 19
135 158 28
236 422 25
131 486 23
169 139 21
232 247 20
240 183 19
101 449 27
242 172 14
22 315 21
466 86 37
400 278 17
441 154 23
427 200 14
483 197 9
33 294 27
414 391 15
88 186 23
445 466 16
100 61 18
409 466 26
333 240 20
489 23 30
220 431 19
45 156 19
455 301 13
193 351 16
244 112 23
38 149 29
327 43 35
180 53 15
307 82 13
45 142 25
416 238 23
364 291 11
107 487 2
222 304 1
268 387 17
245 263 14
218 192 30
180 209 15
154 469 8
350 79 32
202 221 22
141 79 19
399 15 17
364 47 21
90 125 17
312 187 15
401 169 19
74 134 17
322 399 24
230 399 30
251 263 26
309 314 13
197 290 21
190 199 18
7 259 17
149 163 41
236 181 27
431 296 14
100 169 14
239 317 24
483 342 13
166 149 16
460 255 18
456 494 30
419 81 4
244 288 41
111 235 7
263 2 11
444 411 19
324 189 2
425 3 6
397 1 19
470 10 30
160 185 15
223 475 15
211 239 18
71 259 25
124 331 9
49 229 18
233 87 4
22 418 2
436 209 33
257 494 16
23 22 18
40 480 22
39 410 20
288 356 31
309 47 22
148 103 15
32 102 11
80 214 9
422 449 11
24 259 15
192 162 24
237 93 20
387 462 14
89 125 18
375 127 20
488 483 14
494 146 22
24 2 16
297 7 17
437 172 21
455 17 10
159 358 19
142 334 20
281 55 11
292 13 31
178 463 25
271 186 28
219 336 15
346 410 20
297 87 20
377 471 5
28 407 16
344 92 9
441 408 16
203 211 39
159 78 3
487 289 21
110 371 22
458 464 32
101 424 24
4 313 23
459 179 25
320 168 16
391 131 10
201 392 20
81 249 16
443 251 13
327 47 12
134 479 15
140 353 21
102 482 23
220 488 8
27 359 13
417 468 25
117 33 17
317 45 17
137 319 31
286 228 10
313 463 28
404 473 14
296 409 22
90 49 4
491 439 24
200 248 8
415 416 12
251 199 15
470 101 17
185 238 13
155 152 34
369 319 8
19 202 25
214 429 30
37 369 36
118 83 29
215 385 16
23 444 11
377 25 23
406 83 26
84 354 18
121 2 23
122 167 28
159 440 18
271 283 20
181 91 23
197 92 15
173 102 17
219 221 25
495 98 36
348 248 15
97 185 22
46 423 28
203 229 22
122 449 27
268 463 23
457 312 29
39 306 10
346 302 34
314 331 24
117 349 23
379 0 7
249 396 8
152 233 17
19 225 14
55 382 10
150 200 16
73 8 18
106 173 25
254 334 28
403 73 23
78 334 28
221 305 20
38 232 14
213 189 17
326 63 14
185 39 21
492 371 19
294 185 0
46 386 24
192 41 19
263 40 22
118 456 14
495 382 19
37 319 29
265 406 27
364 490 18
169 116 23
402 205 30
341 226 16
77 176 15
233 29 19
207 82 19
145 493 21
404 140 14
372 319 16
499 70 16
249 127 20
460 125 31
100 266 11
189 183 13
252 387 4
464 258 14
446 264 4
316 436 21
422 466 7
22 326 16
269 319 20
448 492 6
68 291 16
288 42 28
192 169 20
147 241 21
270 421 15
308 323 13
291 45 15
241 488 15
36 164 15
474 326 32
490 423 29
35 100 27
259 323 16
383 358 17
123 459 22
165 396 19
71 123 26
282 56 27
331 119 13
88 358 21
103 110 25
323 405 7
320 275 25
394 129 11
23 382 20
276 165 20
144 94 20
243 483 34
440 486 12
327 333 21
58 367 12
419 187 17
25 361 17
254 485 36
19 471 15
215 368 17
475 153 15
345 214 5
324 341 22
215 367 12
79 369 26
108 436 20
400 9 20
80 344 14
41 315 25
393 27 28
9 70 27
306 58 13
58 169 6
60 281 20
368 256 15
291 328 5
206 353 37
332 33 7
56 401 11
255 122 12
251 322 35
345 465 22
388 292 25
257 77 19
266 434 28
340 158 28
161 380 9
212 75 23
27 15 23
97 210 14
339 27 3
130 82 18
320 52 17
192 293 25
437 473 22
325 469 21
221 499 22
13 64 11
428 39 14
332 313 22
84 333 18
301 213 13
1 233 24
456 221 7
301 449 20
184 213 33
128 220 37
481 48 10
400 159 34
423 348 30
117 176 10
120 112 20
406 424 24
421 350 21
20 187 16
13 136 23
422 412 34
421 139 3
431 365 32
242 482 11
476 81 14
479 124 20
417 48 20
455 50 14
370 2 21
247 410 28
79 237 14
128 123 27
420 134 12
57 443 21
367 263 43
118 271 32
239 183 27
166 159 28
356 1 6
262 123 8
335 105 13
43 31 12
112 213 34
248 284 25
24 314 19
475 154 19
110 465 19
422 338 22
125 315 22
421 314 36
117 234 23
38 196 30
231 139 24
478 341 25
218 346 14
322 63 30
423 276 21
88 44 19
106 172 10
426 315 20
328 199 9
172 364 18
87 75 18
357 82 14
134 10 17
456 78 20
51 235 14
86 377 10
72 368 18
105 262 18
442 18 11
322 135 18
158 473 30
89 262 34
301 324 18
484 321 26
223 46 13
239 287 22
351 129 15
82 303 15
4 488 3
9 290 20
17 166 21
139 130 23
372 169 22
425 36 16
203 205 19
92 454 14
497 452 19
434 410 14
253 35 12
388 463 35
115 103 13
262 423 9
452 424 17
28 197 17
171 81 13
418 358 18
395 126 20
251 333 15
128 394 17
279 477 13
58 283 21
131 134 16
125 425 23
224 58 9
231 434 20
487 366 23
476 200 28
229 428 14
156 337 21
435 180 8
265 295 11
480 300 26
382 410 25
403 373 12
472 129 19
252 150 35
448 82 18
184 202 14
478 90 6
433 39 19
229 221 23
275 128 29
326 386 16
380 490 12
205 319 14
293 493 10
8 31 18
409 222 15
87 266 14
183 364 41
301 258 11
394 307 16
493 186 27
430 257 22
479 239 22
296 28 30
200 80 14
318 462 26
12 487 13
365 364 28
342 404 15
66 286 15
5 265 20
315 440 31
197 415 20
126 155 24
25 285 14
6 26 25
319 23 30
460 72 14
153 107 13
343 426 18
214 94 20
448 378 24
160 73 25
127 324 30
397 319 11
271 130 15
3 418 25
204 393 24
308 176 9
310 2 39
241 135 21
155 228 24
393 327 15
116 281 14
490 272 13
136 175 28
255 17 32
185 85 34
292 407 30
32 451 8
145 87 10
348 471 25
160 209 7
270 405 16
98 85 22
405 422 25
165 156 13
378 316 15
283 474 2
63 130 17
369 443 25
11 418 22
284 272 31
284 146 40
207 29 16
160 407 15
142 18 26
343 362 14
364 28 21
96 163 18
170 435 18
203 455 11
30 233 32
338 401 22
15 194 19
222 336 17
261 28 14
206 65 18
317 73 13
64 16 26
440 430 24
281 279 24
189 451 20
251 369 21
449 75 21
72 1 15
57 368 17
247 469 17
295 254 20
49 187 13
340 438 30
438 317 11
382 415 13
98 344 25
347 430 10
225 433 22
376 461 13
415 219 15
134 485 24
192 205 17
112 461 20
432 190 15
287 240 12
12 190 19
481 341 14
148 323 15
18 269 2
