1500 800
111 1449 17
235 1357 18
621 295 17
128 182 22
1453 1331 20
309 856 10
624 508 15
1029 774 25
1337 757 28
840 1046 11
1399 207 20
1221 508 31
373 70 19
974 155 28
1038 1372 14
653 1387 22
357 1088 18
186 1067 18
115 814 16
22 453 29
369 31 18
249 1459 8
1234 772 19
1159 1482 14
670 1459 31
108 1297 30
732 1293 13
298 285 22
338 1471 8
1081 388 33
302 878 28
201 1048 18
1424 278 24
352 699 20
1135 1334 7
224 714 22
90 133 18
1440 642 13
103 211 8
589 878 15
327 430 20
368 1048 14
626 319 22
1171 56 20
272 1139 20
740 928 23
1124 1237 17
1031 1127 18
488 1023 9
214 895 37
41 1129 17
1251 637 17
887 958 27
519 285 22
312 571 19
1319 479 -1
1024 1267 29
299 245 30
783 935 16
1202 725 18
216 1199 22
1406 1145 18
304 796 15
991 58 11
996 119 28
1325 233 8
787 264 35
1264 765 0
399 1000 5
625 876 13
1214 0 20
1200 1081 16
274 169 17
1219 85 23
316 1009 12
1394 1251 29
97 1042 12
506 618 16
990 613 22
1235 1391 32
315 1102 19
627 711 20
1249 582 16
192 815 26
242 842 30
1398 355 14
214 845 9
2 952 26
1475 1129 26
832 18 15
1308 775 17
528 305 18
622 345 16
1426 1156 21
389 17 21
393 1231 17
317 1198 20
175 734 13
667 660 17
1488 1459 32
499 1212 20
1100 1223 27
389 1120 27
884 1024 26
1174 1443 14
962 597 22
495 105 14
568 462 16
1012 777 16
905 1135 11
1338 745 31
692 178 15
19 264 34
1498 1238 33
41 836 25
723 262 28
1266 156 5
187 929 16
237 1089 6
1211 147 22
35 1207 24
1021 1003 20
1306 844 15
955 786 23
374 1151 17
313 79 23
1378 149 23
1432 713 14
997 429 14
54 1097 1
424 33 29
402 1114 13
551 1091 26
1283 1432 28
1474 1013 18
686 704 23
838 741 19
872 1436 21
741 1375 16
348 234 28
412 1193 35
186 1373 12
176 723 26
1406 1018 11
1243 1298 12
51 1201 15
1325 104 21
1090 1366 29
78 414 17
1149 791 23
694 1233 17
1063 302 23
658 649 23
978 824 29
78 279 24
5 971 18
357 1095 13
615 881 15
176 966 25
839 1243 28
38 1291 18
81 567 16
662 1375 20
1416 534 15
398 25 14
606 1180 26
521 505 25
168 158 41
1002 414 33
434 245 21
144 927 22
659 359 18
1347 847 34
1259 1015 22
26 264 5
1435 1354 18
244 889 8
350 75 21
445 1385 28
335 1161 13
587 514 22
430 640 13
529 632 29
233 1090 18
42 558 18
645 877 17
986 834 28
902 1003 16
416 589 19
1164 613 14
39 344 20
1334 551 28
298 1088 24
1347 251 24
1387 206 23
506 318 13
170 456 25
1462 1296 20
451 1061 17
1213 107 13
812 915 14
1191 1481 31
540 730 18
786 474 20
525 771 18
586 50 23
1241 1013 28
1410 1448 22
1312 425 9
1423 391 16
460 684 24
864 546 22
838 221 21
1418 655 24
814 247 14
1187 396 29
635 444 12
274 1297 17
448 1021 15
224 1168 15
731 1451 19
776 1400 14
1367 1194 24
551 154 36
437 712 31
593 950 10
513 868 3
1137 362 4
263 1183 9
128 1398 21
1412 1175 26
620 947 30
1344 1230 19
584 43 12
1284 1463 20
1096 613 17
1318 728 20
43 183 3
829 550 12
1195 174 15
716 107 32
460 216 15
284 154 12
466 1146 31
228 905 21
286 1154 25
74 386 18
1218 14 16
494 797 29
499 825 24
1457 1264 24
681 149 36
39 621 -2
254 980 10
1050 268 35
18 173 31
1437 207 24
175 40 11
631 60 9
685 1191 28
748 491 13
100 39 15
464 1218 35
174 1461 9
213 622 23
863 493 13
1067 989 17
994 1003 17
231 1495 24
1388 52 26
206 1176 10
1484 1288 27
1077 1303 27
1241 941 26
1185 748 11
473 1218 7
1244 584 24
755 564 25
470 824 18
1071 756 30
1490 990 29
1499 1378 19
977 163 27
1024 674 18
665 478 19
1329 196 15
1129 738 30
1315 1365 25
1460 982 19
1378 842 18
593 234 17
1252 245 24
322 111 5
1403 1263 25
946 1246 14
1215 439 21
916 442 31
717 395 22
941 1118 3
1373 324 10
757 467 22
1308 1332 18
317 76 25
577 394 20
397 715 37
774 131 15
26 747 9
389 795 29
44 705 20
533 534 21
824 792 18
716 1237 14
1221 13 32
495 1230 15
1492 1175 23
640 74 15
586 226 33
1077 1124 13
841 463 26
1131 1072 20
213 317 26
565 804 21
579 1337 17
787 1364 32
546 242 4
42 637 16
384 1022 8
1064 1025 11
608 431 18
59 565 32
806 1365 19
316 1130 15
80 1042 28
560 825 17
932 569 23
960 604 21
1265 540 19
1324 325 35
154 894 16
877 507 22
762 407 19
180 1441 12
1331 439 6
426 505 15
1350 237 24
106 1394 27
764 962 13
453 845 7
721 1446 37
742 1074 20
236 17 24
987 1245 9
97 485 19
937 1080 12
1282 4 22
543 55 19
669 906 17
48 848 26
479 1056 17
819 109 5
448 640 26
179 236 27
236 427 26
487 855 25
1428 57 9
654 379 33
1141 231 19
1147 1467 21
1017 1252 40
816 956 25
1410 1362 23
1204 1476 24
1053 377 14
869 807 14
544 1455 8
907 1019 20
847 759 23
223 1106 5
306 1156 16
271 420 23
1200 876 12
1420 96 16
1112 1420 21
1235 185 14
1017 1083 26
727 1337 20
169 1135 16
572 169 12
618 1070 18
1221 991 19
734 682 21
1323 1440 17
976 551 23
464 778 28
726 1079 15
354 1015 25
10 1048 18
756 295 14
1415 962 47
1450 261 2
943 312 21
46 1127 21
708 1327 21
459 413 16
604 162 13
795 353 21
701 677 13
73 183 11
658 1165 13
885 451 23
1464 560 18
514 953 24
305 44 21
614 600 14
432 500 13
221 689 20
1056 444 21
389 926 17
60 1095 12
1265 386 25
188 1311 38
363 1464 22
95 764 27
1150 1397 23
984 1136 17
510 401 13
459 939 20
617 1234 20
1452 1256 20
533 869 8
116 1073 21
957 663 23
1292 1203 23
320 1164 31
435 252 3
407 910 18
278 762 27
1390 1099 23
1290 838 11
185 351 27
1131 524 21
803 174 10
1493 1492 17
72 983 13
652 802 19
952 277 22
153 522 23
688 1205 16
1061 1236 22
101 781 15
1498 125 12
189 1218 18
390 696 2
355 98 0
1113 761 22
1264 214 18
289 512 20
1438 1377 15
1428 1253 9
806 824 26
293 841 30
1472 835 27
630 77 21
478 502 17
1167 378 18
1132 727 5
1475 601 34
463 34 12
166 394 30
1004 1339 24
847 509 14
1420 115 34
49 300 15
139 219 23
563 189 11
931 1127 21
1417 650 31
131 1327 23
663 1156 24
302 1481 19
691 1098 30
68 1477 23
913 784 13
1314 712 10
1455 962 31
421 105 17
510 1037 29
897 1285 25
848 635 21
369 1442 26
1172 300 13
1348 128 18
1234 523 25
1451 997 9
801 848 23
1212 543 33
1492 148 20
483 272 6
47 1299 18
106 1453 24
169 1070 2
444 449 2
567 170 17
1352 1214 23
779 44 20
897 238 30
1146 348 24
1439 481 12
372 834 16
985 10 18
851 991 34
612 476 35
39 97 15
22 316 16
280 411 20
545 1033 24
479 122 22
763 1307 19
552 113 28
480 1077 24
687 285 6
1101 575 25
349 1145 22
1189 40 7
657 91 16
1008 1448 22
513 1168 22
561 562 17
1392 812 14
62 190 15
987 1347 3
156 748 29
134 244 28
717 447 16
438 610 23
964 1352 29
1368 609 26
342 553 19
678 107 12
1225 888 19
143 249 18
1234 1074 22
765 1433 10
154 38 19
566 748 24
1337 160 13
616 410 29
1385 337 19
89 345 25
341 179 19
336 1425 21
515 584 16
145 919 14
1462 686 27
1216 522 21
1192 420 17
1040 785 39
1451 395 29
1196 1263 24
265 148 24
405 1378 23
33 178 16
779 39 16
326 386 14
154 856 19
788 223 15
729 716 18
774 448 22
386 115 32
859 864 16
1478 287 14
874 819 17
214 91 25
469 560 12
1412 70 12
171 15 32
286 648 24
591 554 28
1131 478 30
389 1374 12
834 850 31
902 906 13
58 938 26
869 1175 26
1160 1072 35
621 158 28
412 728 25
434 698 16
824 1361 6
648 730 18
427 606 34
663 904 35
144 887 17
551 400 25
547 1330 22
367 1399 25
530 1495 14
873 1254 19
188 1269 26
320 308 11
1106 1403 26
1498 706 14
844 538 13
480 244 16
1365 1028 1
751 1282 9
706 448 10
523 449 21
296 74 17
161 466 13
1302 59 4
99 1246 22
590 557 24
1164 1191 26
830 655 18
89 624 11
673 1057 25
155 1400 22
721 774 13
1273 510 21
97 1057 31
676 1495 16
1498 543 10
203 26 10
607 1042 8
322 1014 19
1350 149 8
775 1323 23
726 691 4
1277 73 12
1265 501 21
311 1252 14
1240 238 7
952 394 25
179 999 19
1148 595 27
1049 190 27
118 913 17
1454 1138 14
803 1209 26
154 1487 12
1309 591 12
1487 5 9
67 462 18
240 1064 9
1110 645 16
78 144 15
1023 857 34
1265 925 16
930 525 31
1014 1216 15
282 1408 1
964 1163 11
719 66 20
1164 909 35
382 1262 16
1298 1059 6
344 1320 20
59 1252 22
237 1148 15
967 881 26
773 813 27
102 961 20
74 67 14
981 697 20
438 1465 17
499 48 16
743 1137 25
1333 1483 16
1191 113 7
930 1487 16
816 949 31
698 1260 21
946 119 18
1269 944 31
978 35 16
1000 820 21
1145 1092 28
1070 37 13
619 948 12
820 919 22
701 181 27
138 556 31
1044 953 25
246 909 24
107 420 -1
229 1229 28
1352 75 32
1216 179 19
1091 306 17
1237 1393 15
1015 446 14
1437 896 14
186 543 1
700 289 19
90 306 16
570 921 19
1376 920 10
27 338 21
670 444 24
1172 875 24
777 609 17
673 276 8
681 1237 6
1312 1122 20
761 615 21
1231 1078 13
71 515 30
788 594 28
551 614 29
320 292 22
404 459 36
471 18 25
293 1188 30
1494 965 19
699 1416 16
385 911 17
544 161 19
63 614 26
102 531 42
157 60 11
525 1438 23
720 157 26
1412 1447 19
1319 306 13
1330 1000 7
1084 227 25
313 309 9
311 406 18
1307 658 11
88 547 17
217 607 21
1008 1347 14
43 208 14
498 24 6
914 905 20
430 262 31
671 878 18
1009 351 29
452 904 4
190 5 16
300 60 -2
1093 478 13
343 1313 16
958 1251 31
1475 1297 19
905 523 35
154 823 19
1223 792 22
1436 776 6
702 210 12
471 22 7
964 930 37
417 1369 13
343 1426 15
733 882 12
461 143 28
712 149 22
420 1259 3
435 1388 26
1309 766 16
528 513 12
686 116 15
31 698 20
122 620 6
1031 1172 14
1393 1469 26
1476 1081 33
467 440 22
362 673 23
404 569 25
911 230 28
788 942 27
97 348 25
1176 800 11
729 1133 23
733 439 11
50 1410 16
383 360 36
214 285 22
501 764 13
117 206 24
198 1125 27
883 1357 14
1127 1 14
156 1292 17
22 933 30
314 1477 17
364 1139 19
1348 1111 30
26 239 24
93 365 21
971 232 12
1219 750 41
989 1214 17
967 547 21
808 156 17
485 236 16
144 1317 14
923 298 19
