1000 500
589 414 19
299 822 6
441 324 25
109 364 25
390 155 18
258 224 4
916 656 28
656 17 27
599 269 26
564 883 27
70 836 23
104 982 14
122 950 18
575 960 12
984 948 15
1 239 7
20 207 15
45 210 19
548 916 34
253 616 12
281 432 25
958 934 26
630 625 18
125 834 22
742 124 29
104 330 13
785 324 7
679 865 22
564 321 30
335 119 39
908 974 18
928 983 14
572 978 22
563 547 17
78 316 25
193 699 25
259 537 18
214 744 25
272 786 10
497 662 27
238 415 31
853 158 16
421 222 24
407 714 29
462 254 8
67 849 33
325 425 16
795 319 20
882 283 26
536 807 15
270 471 22
550 347 12
2 687 26
668 447 21
427 778 27
169 227 17
288 741 15
828 661 30
672 55 29
634 568 23
450 925 9
922 690 13
24 734 20
961 140 24
723 531 21
388 805 8
89 415 17
127 589 -6
856 19 25
962 59 11
824 656 6
623 336 11
360 668 13
794 143 31
420 31 37
509 479 14
842 551 27
42 439 21
244 558 30
496 904 12
128 389 23
56 137 24
677 960 27
771 30 14
75 278 15
941 348 16
379 163 0
826 636 26
938 370 20
257 159 25
268 457 25
76 553 16
640 522 21
149 248 30
434 790 19
82 731 10
844 418 22
792 811 20
617 871 29
406 661 10
284 473 17
757 651 16
106 816 20
84 489 19
690 275 30
571 371 17
201 682 39
501 395 22
459 566 23
808 158 26
732 41 27
493 219 21
883 77 18
821 457 17
441 247 37
958 98 33
770 110 16
76 287 11
808 787 24
223 735 17
754 95 22
191 656 33
539 597 33
936 263 15
842 783 18
492 964 13
738 765 16
772 392 17
640 818 15
480 264 32
106 584 19
768 48 23
572 558 11
518 554 13
815 157 1
771 988 33
429 15 17
694 710 23
496 664 25
820 354 27
726 967 29
704 157 27
879 739 21
28 914 8
541 767 28
782 635 19
978 200 28
239 729 29
629 410 23
407 34 19
44 150 21
575 11 23
875 524 10
713 882 5
246 306 12
392 918 26
724 351 17
369 884 21
777 705 33
505 903 11
497 385 22
559 542 31
627 492 27
331 98 20
70 333 29
127 301 2
344 907 30
681 823 29
95 228 19
689 67 8
394 607 22
739 289 16
818 703 18
795 350 11
179 977 16
528 782 15
498 90 22
340 676 17
176 707 16
260 822 6
798 693 8
858 18 21
886 350 26
25 741 20
843 273 9
690 919 22
291 601 31
633 610 6
663 332 24
33 341 10
805 295 8
174 646 29
978 997 19
451 734 32
929 239 25
7 205 26
117 457 30
374 362 21
656 885 34
164 68 23
172 80 18
649 254 28
864 679 15
325 42 19
219 27 27
405 764 6
945 227 20
26 212 20
144 767 19
500 547 12
765 335 23
941 274 19
767 558 -4
225 403 13
810 821 29
966 908 18
338 109 38
181 524 10
342 24 17
446 3 19
621 790 19
791 411 6
963 204 14
214 483 21
573 604 24
762 840 40
824 281 20
86 685 19
926 810 28
234 444 10
894 717 25
958 704 33
158 691 19
842 667 20
447 770 17
698 156 38
281 973 21
730 914 22
432 113 14
483 57 20
683 925 7
555 2 19
671 71 11
288 719 15
595 437 10
680 335 14
495 340 23
570 339 25
608 924 29
177 947 22
717 187 19
207 537 24
979 767 26
461 732 20
652 714 16
576 807 16
325 553 26
452 783 24
720 690 22
471 398 29
934 695 12
585 701 15
785 369 16
53 640 7
375 802 14
683 230 18
158 560 26
443 365 19
445 299 20
382 172 14
277 322 25
180 684 21
947 286 19
503 181 14
782 302 23
596 978 18
962 17 16
10 841 20
377 505 21
596 320 34
418 511 18
202 52 20
212 975 14
411 629 14
67 708 6
958 235 13
213 261 13
410 652 23
182 988 27
556 606 20
491 756 19
861 888 10
995 762 33
550 991 39
819 626 21
770 589 23
875 122 1
491 198 32
463 928 9
673 820 27
139 94 37
650 560 22
886 543 31
666 338 24
775 376 13
485 269 29
467 578 11
176 134 27
484 876 17
155 4 10
850 498 11
96 63 18
838 779 13
421 610 7
434 180 15
814 226 21
242 952 28
203 694 24
949 737 23
168 71 30
755 637 32
431 255 17
568 163 2
290 575 25
253 779 29
328 480 30
14 458 18
79 257 18
474 811 16
280 990 22
10 481 21
469 175 32
202 486 21
678 650 18
840 787 17
272 329 33
511 742 23
62 997 26
577 786 16
240 42 18
485 287 30
158 167 13
730 213 25
735 568 32
445 154 23
626 30 22
224 176 31
371 983 31
973 192 14
694 273 20
142 192 30
939 178 20
619 530 31
440 646 12
797 197 16
571 771 14
713 290 15
189 583 20
582 284 23
278 92 15
996 272 22
674 601 17
899 495 21
986 819 18
78 253 36
985 66 27
147 664 23
423 517 4
365 364 22
323 267 21
239 212 0
771 111 4
154 672 37
898 372 21
632 915 25
413 991 3
411 655 11
674 860 14
313 714 20
703 808 36
761 2 18
539 565 32
207 992 33
0 941 9
734 710 22
817 59 -4
772 914 30
689 992 15
79 736 24
367 122 21
775 236 28
611 614 29
892 950 22
186 560 35
124 377 25
488 863 20
708 507 12
425 401 17
843 397 8
10 908 12
324 727 27
248 430 20
363 172 32
140 336 12
469 502 21
757 685 23
858 182 21
485 429 5
645 613 14
289 320 29
94 677 26
936 947 21
574 554 26
930 514 20
136 520 27
897 533 23
137 265 28
913 957 30
486 351 20
353 814 17
975 134 38
744 546 16
770 234 15
57 228 14
246 495 9
344 670 35
314 329 13
936 872 18
953 346 18
604 823 16
332 883 23
90 175 13
500 59 33
433 970 -3
996 667 3
595 977 16
606 742 19
108 458 10
961 584 24
608 809 15
686 201 14
989 212 30
261 47 27
949 209 25
387 507 18
233 210 11
78 947 13
839 109 10
316 700 23
857 554 30
635 817 14
125 923 27
793 745 10
826 458 28
543 506 25
854 405 17
506 384 16
390 732 15
436 180 13
918 791 24
191 591 25
689 874 9
965 497 18
670 373 25
425 134 17
571 112 17
896 841 12
716 540 28
337 331 19
258 270 25
654 265 17
663 573 27
771 707 22
73 508 17
913 451 16
109 381 26
553 317 11
413 838 6
892 719 27
91 925 14
127 274 12
756 745 27
309 273 15
63 750 16
665 299 19
785 452 24
154 109 15
992 840 16
513 190 15
298 689 12
586 712 14
745 656 25
440 512 9
8 994 14
481 896 14
574 149 7
909 321 20
632 731 30
700 497 27
660 493 17
