600 6500
369 290 27
291 571 22
469 224 12
340 447 15
375 486 20
406 362 25
561 242 17
374 114 19
110 150 18
287 544 15
499 549 30
74 270 24
543 356 31
548 330 23
300 506 10
261 57 22
190 175 25
126 148 19
176 384 10
592 485 13
28 233 9
545 50 31
73 537 22
583 1 16
404 497 25
177 30 24
484 429 30
42 314 39
261 13 27
198 342 8
383 214 13
182 7 14
227 327 31
389 2 18
308 295 16
485 320 11
63 358 22
424 24 19
263 519 14
404 164 18
536 373 17
593 143 38
232 396 18
240 31 20
515 478 16
374 340 7
20 252 27
401 575 21
370 386 35
503 539 20
365 527 13
153 57 9
148 208 18
127 149 13
87 366 9
452 4 25
489 353 31
43 108 23
169 246 9
22 62 0
225 240 21
332 546 21
50 588 27
325 333 19
128 190 -4
146 307 22
283 543 23
584 588 21
514 585 24
451 27 12
519 496 16
309 273 12
247 562 18
142 102 16
121 512 47
251 448 38
540 130 20
279 412 7
241 484 14
206 137 18
550 346 29
125 218 20
537 443 35
380 439 18
434 225 22
134 163 17
302 66 6
465 355 10
336 451 24
2 572 15
474 168 17
389 438 24
541 298 9
87 64 24
305 179 17
138 470 15
29 476 18
498 425 26
291 239 11
405 274 11
196 384 17
332 531 22
566 569 28
177 254 26
171 22 23
339 286 18
313 583 16
107 265 41
285 426 21
147 206 13
101 204 20
198 372 9
576 66 40
379 500 16
129 125 14
569 394 30
221 414 12
59 52 11
441 363 19
476 24 13
62 559 20
289 202 22
15 534 13
565 553 21
247 110 29
534 501 29
453 27 22
363 355 19
48 63 24
559 6 7
326 311 19
265 574 8
335 25 18
91 403 15
296 301 21
488 210 7
183 5 18
192 269 14
175 158 18
310 402 23
145 152 8
414 214 27
28 552 25
508 390 19
164 63 19
119 476 9
391 104 27
590 366 11
327 505 11
15 350 12
368 197 23
107 22 17
481 260 20
599 156 14
311 335 21
352 52 17
493 512 24
582 342 21
112 208 10
567 417 16
132 313 19
224 462 6
242 55 19
432 140 22
333 466 35
328 56 27
306 456 26
598 371 12
322 70 13
519 144 28
510 553 27
207 452 11
30 257 24
77 300 23
149 86 22
352 443 20
471 170 29
564 204 21
169 511 17
237 82 15
112 229 19
29 268 17
213 348 26
237 429 20
112 416 25
322 432 28
442 473 32
300 318 17
461 449 38
595 349 25
385 121 12
498 465 12
186 456 22
598 566 22
260 555 9
62 27 9
194 485 23
2 136 26
472 304 22
477 104 22
150 514 15
284 224 42
405 513 2
526 405 24
569 462 5
128 335 19
406 443 18
567 90 44
256 574 27
25 505 25
543 233 28
386 468 19
214 565 13
381 445 10
130 523 26
79 135 20
338 256 13
53 464 23
200 443 17
320 79 24
53 390 27
75 171 28
261 24 21
499 470 25
194 240 16
203 115 20
589 347 24
490 524 20
49 110 14
552 588 21
286 582 22
389 498 23
509 279 23
533 146 17
84 63 27
476 491 15
537 115 28
194 154 13
66 473 22
222 65 9
108 540 31
340 312 20
399 366 27
42 558 25
473 34 7
287 319 27
335 563 36
28 115 12
439 513 16
404 266 32
236 65 11
115 581 22
346 43 12
540 166 16
145 317 18
368 337 22
447 372 26
472 555 29
588 526 19
98 50 28
109 97 19
315 269 24
60 131 11
114 403 21
135 91 23
332 155 33
413 391 15
428 239 11
256 336 0
26 348 16
593 153 13
290 425 16
196 95 34
304 536 31
359 6 16
190 443 17
218 125 28
348 256 28
221 505 18
377 196 2
400 197 10
490 107 28
361 139 24
267 103 16
487 300 25
361 376 -9
183 175 15
235 279 19
473 266 23
502 170 25
336 149 21
245 501 18
336 292 14
102 169 17
411 174 29
184 18 17
206 5 6
118 540 18
358 45 20
244 86 20
407 562 14
25 447 29
431 339 12
469 114 10
543 216 19
1 418 12
515 381 24
27 182 26
87 260 30
169 278 20
17 310 25
571 331 28
316 563 28
180 240 21
360 481 7
507 137 29
152 500 14
36 60 13
118 99 32
173 429 28
542 449 20
346 110 23
394 477 26
420 311 19
234 17 29
134 22 14
113 229 10
536 40 9
462 213 23
363 491 27
377 145 35
149 54 11
255 336 26
6 560 34
597 103 19
168 295 20
552 83 12
417 570 37
225 419 11
520 203 17
193 105 35
430 198 16
214 252 24
595 150 32
375 231 28
569 251 28
40 425 26
183 172 21
191 418 13
43 508 23
314 13 10
554 290 26
366 99 32
459 531 19
510 230 31
92 15 29
153 128 20
124 116 20
35 322 20
102 315 20
326 150 -5
381 354 20
67 590 18
349 133 27
332 78 16
240 377 15
31 213 7
452 291 16
348 111 27
420 462 10
251 421 5
585 126 23
586 357 10
292 373 21
113 382 10
538 201 23
219 467 20
327 191 19
13 233 20
361 495 10
398 333 9
217 76 20
126 0 8
82 250 11
296 302 35
212 120 30
123 582 19
87 167 10
374 402 15
391 71 28
448 180 19
107 509 30
337 569 23
500 127 36
426 574 16
527 591 18
7 426 16
81 343 16
551 556 28
308 51 26
230 272 19
324 470 24
385 454 26
346 370 9
474 453 42
456 411 2
378 585 21
318 240 14
120 556 6
36 319 17
386 379 27
44 299 12
117 455 15
234 20 20
516 556 27
465 138 25
369 401 27
584 308 13
50 365 13
43 514 22
149 52 36
412 311 28
122 177 12
244 469 22
139 536 16
224 279 30
254 386 17
584 387 21
428 17 22
284 247 24
319 546 22
72 557 17
461 358 18
102 479 24
117 394 34
402 410 21
220 373 26
474 79 33
516 567 17
509 404 20
508 271 9
267 59 32
474 384 29
501 127 20
135 429 16
525 84 16
380 374 29
229 318 9
454 334 9
198 499 15
335 315 20
184 64 27
55 1 21
132 317 16
1 84 24
430 362 21
431 446 16
554 482 23
95 239 26
128 282 17
498 43 18
217 66 34
265 208 23
136 383 31
319 555 33
440 305 27
9 223 22
104 41 10
264 538 14
383 598 9
283 148 30
334 268 14
403 101 14
227 247 17
241 174 16
503 22 11
292 439 8
270 443 22
569 50 20
236 118 17
418 301 7
421 43 28
554 95 41
588 335 15
412 174 -6
541 458 13
432 294 9
588 344 1
463 388 15
306 572 5
296 212 10
282 49 14
212 268 12
396 533 28
245 547 8
223 584 10
274 402 21
567 295 22
571 503 16
495 377 30
312 462 25
77 559 26
348 393 5
193 311 27
387 312 21
573 516 28
467 522 11
164 151 20
364 249 21
358 301 20
118 499 18
16 555 21
273 198 26
361 460 35
59 244 18
450 360 17
523 475 23
349 486 17
280 401 33
329 381 13
177 524 19
517 161 23
8 242 15
465 179 9
394 327 3
321 566 14
585 372 12
71 375 20
145 417 10
536 506 31
193 331 35
557 68 15
599 369 15
427 316 27
195 133 45
207 540 9
88 163 19
129 369 19
99 538 36
307 102 24
561 593 22
25 100 31
218 323 31
289 509 10
506 435 22
362 180 15
124 272 20
222 182 19
103 161 20
161 3 16
147 82 16
401 277 22
90 237 12
166 230 25
225 537 14
49 350 18
198 142 27
350 475 25
241 38 19
331 119 5
389 446 17
289 333 30
301 474 27
208 324 19
465 235 23
580 522 23
360 44 5
44 465 25
174 256 13
567 364 24
341 126 21
592 391 18
202 224 4
532 369 19
340 261 24
446 92 19
163 207 25
129 452 21
194 563 7
557 264 22
316 429 22
491 328 44
93 118 23
53 354 29
582 136 5
141 410 14
525 275 32
369 178 28
75 360 13
354 40 30
578 403 19
227 488 31
339 130 23
187 385 31
425 461 11
323 235 16
193 553 23
567 593 16
126 119 23
165 503 21
231 405 13
416 496 15
271 537 14
223 358 18
366 573 26
67 391 11
107 383 31
59 448 10
81 417 12
74 63 17
204 163 12
251 142 19
3 395 18
250 65 29
488 487 10
238 336 14
293 330 12
114 180 12
378 430 24
106 16 17
234 324 11
542 254 16
365 583 16
472 317 22
30 324 21
330 338 21
119 319 22
448 207 25
87 240 28
362 13 20
123 6 23
161 527 31
314 172 37
584 283 26
130 15 17
348 473 17
596 313 15
195 364 24
182 327 21
245 247 22
38 543 22
259 15 31
167 17 21
352 562 28
510 302 36
507 315 12
58 10 17
111 415 20
199 175 16
367 398 13
231 574 32
170 256 24
428 108 18
543 219 15
346 534 15
40 374 18
381 369 26
110 449 15
420 560 8
210 6 19
402 104 30
5 394 19
565 433 17
51 197 15
428 381 28
241 345 6
99 415 7
176 9 25
13 510 17
543 279 26
154 405 24
323 598 39
137 75 6
298 493 27
439 512 26
112 65 21
502 141 19
509 385 35
249 553 19
361 452 10
517 409 6
574 167 19
274 400 28
347 325 8
514 79 23
584 358 15
82 96 27
414 124 17
205 33 25
254 60 23
108 412 -3
163 540 24
36 464 16
359 269 14
295 153 19
161 272 13
365 577 20
193 271 18
301 551 10
503 111 33
155 510 18
0 151 16
593 370 19
261 593 15
47 394 23
560 97 19
112 397 18
6 450 15
226 517 25
113 239 17
472 104 16
450 477 24
259 240 17
61 339 30
217 380 23
213 446 3
149 454 22
124 28 14
484 466 22
146 492 25
525 455 12
64 537 25
401 22 22
470 23 16
210 89 24
419 260 12
529 592 16
586 312 0
113 275 6
280 275 13
346 571 27
243 184 11
571 421 25
11 592 7
164 383 24
591 373 8
433 406 14
78 63 23
238 292 38
584 131 13
181 5 13
499 56 15
0 239 15
213 237 17
445 98 19
4 468 20
54 209 23
567 325 18
230 227 9
339 560 11
560 295 13
598 226 9
596 569 10
255 365 34
34 573 13
401 145 12
87 129 16
305 310 26
520 29 21
462 262 29
110 261 10
587 289 23
481 539 16
83 552 16
252 323 24
252 184 22
332 452 19
326 280 15
596 190 24
344 215 19
30 579 34
524 140 33
322 392 19
418 49 2
197 150 -1
53 303 14
403 281 20
540 41 17
48 346 25
41 527 10
475 8 31
273 419 17
350 273 33
470 93 24
560 490 23
173 364 18
379 372 19
386 197 33
495 479 8
446 219 25
233 265 14
457 400 24
270 516 17
375 112 18
22 132 29
524 60 27
179 278 27
463 408 26
504 98 24
201 48 20
42 5 38
508 486 14
583 358 30
532 346 12
196 138 15
266 77 9
323 99 12
472 117 28
295 51 16
395 414 11
300 79 21
545 345 32
593 421 30
554 80 -1
583 326 11
41 463 1
432 532 24
586 173 21
371 540 13
419 192 27
20 533 18
229 20 21
558 295 13
337 364 22
530 357 16
44 351 24
175 378 12
125 372 19
418 543 14
428 213 38
260 3 11
107 103 14
449 217 23
294 120 23
325 421 20
28 256 27
94 238 8
261 424 11
535 13 17
75 309 18
305 396 19
51 349 15
49 96 23
307 496 23
417 234 27
454 545 32
309 260 17
336 209 7
542 408 11
166 216 21
44 342 13
67 369 17
454 6 7
423 463 14
321 170 10
231 72 -2
393 352 23
410 253 13
476 238 20
16 111 12
20 556 18
563 43 20
570 309 21
479 174 19
365 253 14
203 34 20
227 515 25
174 39 17
45 408 28
549 98 13
260 350 16
321 336 34
464 90 27
507 91 23
309 10 10
506 228 22
141 447 12
361 374 28
475 532 -2
284 1 26
44 444 24
152 348 25
261 471 18
557 502 20
208 376 17
95 261 11
442 150 14
399 91 25
352 466 20
186 541 17
125 405 31
417 139 10
182 105 22
54 81 19
432 549 30
176 576 16
242 377 21
341 451 21
555 321 19
190 128 10
345 405 20
474 539 17
15 318 25
338 264 32
75 271 22
484 119 28
352 311 30
113 437 8
458 169 26
283 480 19
31 485 10
63 73 18
510 583 21
257 192 32
460 101 13
135 114 20
210 374 24
65 599 13
277 384 25
38 380 34
387 436 16
150 384 18
260 409 32
540 429 29
30 326 12
575 421 26
477 421 13
596 54 17
411 345 28
295 263 27
111 592 23
553 32 23
79 361 14
411 392 34
504 206 33
279 0 42
423 134 19
456 363 18
305 371 17
269 250 17
471 5 14
304 231 23
53 245 24
88 27 28
201 261 30
555 551 11
512 522 23
281 393 35
509 387 25
8 21 29
70 480 12
471 231 28
513 27 20
496 187 22
343 552 12
307 62 29
404 108 16
171 104 17
298 375 8
263 123 11
417 306 9
489 355 33
446 199 19
70 38 12
412 332 7
285 349 17
442 326 16
181 592 26
314 46 20
33 477 34
389 119 19
349 234 16
545 445 18
105 52 11
4 406 18
531 189 15
120 90 29
286 303 25
71 484 12
403 65 16
581 580 19
49 109 13
52 158 25
412 7 19
121 298 18
150 439 4
41 356 16
583 217 10
356 23 27
575 374 21
508 218 36
595 429 36
412 594 17
511 187 10
243 587 21
187 99 23
160 240 25
511 422 3
124 30 20
168 220 23
149 117 7
275 441 18
415 246 17
421 172 26
541 195 10
472 468 23
305 264 22
103 380 19
297 399 30
504 76 29
456 370 24
517 487 34
390 274 3
320 93 16
150 576 17
335 18 21
101 52 22
362 19 12
405 19 16
266 431 16
295 202 17
177 75 28
326 321 26
398 536 15
330 96 22
560 118 17
578 222 37
373 490 28
427 81 18
235 540 6
323 106 27
279 495 24
162 184 16
325 319 26
519 130 4
481 531 17
344 39 8
215 316 11
206 484 21
15 422 34
560 20 -1
490 79 17
493 13 24
309 558 19
334 378 30
476 109 17
52 328 36
73 231 20
340 36 18
476 426 25
428 397 6
24 123 5
463 396 30
174 505 20
159 409 27
276 151 27
419 107 6
380 288 17
50 280 23
434 542 23
195 85 9
483 409 25
407 471 13
443 548 14
30 50 22
393 474 24
292 247 4
361 196 21
115 312 13
38 524 19
362 542 18
414 78 19
364 373 33
244 347 22
539 73 18
440 165 18
255 112 14
441 489 23
539 380 17
544 261 10
58 268 3
334 220 13
12 103 12
375 501 26
159 171 14
263 542 10
338 542 10
226 549 14
136 412 15
77 91 22
290 276 33
38 361 20
215 499 11
363 497 -2
23 159 24
459 435 9
126 78 13
434 311 24
364 235 27
315 344 10
194 148 30
406 315 26
39 93 17
236 161 28
72 152 24
382 77 28
246 89 10
367 10 15
539 481 17
252 82 27
469 14 14
434 499 28
84 34 20
456 200 22
545 536 10
545 12 21
150 158 30
120 268 22
274 195 25
575 461 13
431 90 17
437 36 17
268 276 28
351 420 17
449 558 16
207 257 12
256 160 2
333 349 22
147 580 23
262 576 24
383 280 36
573 390 27
92 419 22
146 574 30
312 207 25
589 440 15
285 286 28
217 256 16
221 333 22
148 440 14
208 131 23
403 1 27
450 338 22
376 106 16
528 357 26
125 127 10
577 592 27
152 43 25
510 155 7
567 13 2
219 47 14
251 511 22
230 382 26
62 113 20
589 174 14
386 74 9
345 56 34
322 420 27
509 317 21
374 100 17
8 307 20
591 142 20
151 463 18
207 163 28
267 562 19
591 511 33
158 46 20
310 41 13
208 251 14
192 14 7
595 17 10
331 515 12
305 104 19
428 497 22
385 518 13
519 105 17
316 224 30
599 333 23
275 504 14
374 91 8
294 497 26
420 175 25
8 280 10
240 491 13
356 361 13
295 294 13
86 428 9
384 342 11
356 18 28
349 7 19
100 19 21
338 557 21
529 221 24
239 519 22
573 185 13
373 486 11
61 274 18
373 475 19
594 222 14
369 525 30
413 155 5
133 313 13
84 265 11
89 585 22
393 489 18
80 347 37
121 17 17
47 199 37
343 117 29
181 172 12
556 175 20
205 197 20
232 436 26
139 574 27
428 507 19
295 165 8
155 29 15
265 260 31
562 492 18
444 436 18
193 343 18
164 570 21
241 356 7
242 581 17
557 37 11
394 446 16
288 251 24
227 594 30
352 243 26
438 232 24
552 599 19
449 354 22
322 306 13
441 569 15
399 376 23
205 544 8
483 223 15
208 468 20
478 79 15
101 134 23
151 162 17
58 398 19
336 388 16
183 305 18
319 547 5
358 125 20
168 519 19
242 287 11
245 3 39
578 187 25
24 402 10
125 243 17
149 562 30
407 91 22
508 533 19
158 77 8
183 449 35
12 448 14
193 265 19
243 281 18
241 437 12
371 198 8
493 429 4
460 551 16
568 285 2
242 336 12
131 281 5
266 316 29
510 185 13
81 227 2
61 454 33
98 292 14
373 450 10
431 258 24
470 507 30
399 1 29
45 147 15
186 457 19
437 27 15
58 118 28
165 197 29
41 412 18
44 17 24
489 421 21
359 126 30
96 527 35
540 229 16
362 570 14
582 546 27
101 74 12
422 93 31
527 146 33
178 462 14
228 226 30
403 477 18
148 381 19
435 592 8
534 74 -5
354 61 23
379 120 23
483 306 23
353 170 30
243 239 23
115 286 28
304 387 32
547 158 32
475 501 5
296 291 16
349 511 19
130 370 31
535 342 30
40 64 21
109 139 37
178 118 22
427 98 28
189 107 5
254 280 16
454 383 7
241 336 22
157 266 19
371 410 25
503 540 19
464 489 10
382 193 31
307 52 29
397 161 13
364 376 20
168 70 26
567 328 18
376 123 37
437 558 18
179 532 21
22 425 33
448 199 18
102 148 12
278 382 19
467 145 19
42 298 28
228 133 27
471 40 4
289 383 17
253 575 37
327 369 24
532 264 14
19 221 24
24 108 16
260 8 30
429 453 22
454 295 30
539 589 22
227 509 33
368 442 32
216 188 25
353 33 25
522 539 24
553 449 20
79 545 4
429 52 12
440 450 20
317 237 21
10 468 22
10 442 15
67 416 16
39 193 24
22 357 20
508 335 23
375 216 7
218 588 11
548 401 16
261 143 22
190 217 25
531 361 26
119 69 25
99 574 12
11 483 15
343 131 1
441 122 16
336 277 19
177 205 11
37 44 6
387 25 20
100 243 39
7 319 12
90 554 15
0 297 26
69 305 26
298 333 20
76 414 25
55 103 12
339 312 19
140 183 -4
575 94 25
305 560 27
501 248 5
80 10 16
439 252 8
446 80 9
503 527 23
91 456 15
338 284 26
33 432 31
166 154 22
195 186 31
582 393 17
325 120 23
76 559 8
133 82 18
369 430 27
251 440 5
390 105 19
285 176 26
33 105 14
326 532 11
402 226 23
122 460 26
196 551 2
128 1 21
387 110 17
446 71 11
73 352 23
397 589 19
264 175 15
489 409 37
394 573 23
49 79 14
428 286 8
310 62 13
53 225 27
332 544 17
485 422 14
102 233 29
126 50 37
29 583 26
233 474 25
221 14 26
400 238 18
239 438 23
131 193 17
387 276 18
329 69 29
416 287 24
323 415 24
283 550 24
78 385 17
444 267 13
303 530 17
15 322 17
390 119 16
14 82 15
197 582 22
521 258 19
56 197 26
504 69 30
405 295 33
524 542 14
17 200 19
210 225 39
222 312 32
180 83 24
64 580 35
281 380 12
81 165 20
473 472 14
259 422 24
422 231 30
283 31 13
91 195 26
263 411 21
101 105 32
45 544 32
491 137 27
375 133 4
281 357 20
491 74 17
29 552 21
469 25 17
574 488 22
489 378 28
405 86 27
467 519 21
283 428 29
304 378 20
105 532 20
397 378 27
345 20 10
98 281 5
458 120 25
415 434 21
173 582 7
60 338 6
268 80 23
6 361 14
513 33 34
183 433 30
375 179 19
515 219 17
527 201 14
49 463 6
85 377 15
79 182 25
564 430 13
588 379 19
571 123 15
8 48 17
523 41 25
332 388 32
374 435 16
223 150 27
116 44 34
511 546 20
128 524 24
300 314 19
67 278 2
109 352 14
542 295 16
193 467 34
149 0 24
57 39 25
276 218 1
145 34 18
441 39 18
502 588 17
555 14 30
232 335 4
401 455 25
354 152 14
440 396 22
352 44 35
435 443 15
368 243 16
82 505 8
495 216 16
501 17 12
121 599 22
302 349 20
495 452 7
496 371 9
230 231 32
4 35 24
337 134 15
191 574 27
528 419 30
356 303 27
241 420 17
103 511 21
388 348 14
385 17 12
491 144 14
306 551 19
561 299 47
206 236 25
552 362 19
102 323 20
388 81 17
565 254 18
346 426 20
584 117 34
227 381 21
427 239 13
360 298 19
239 261 14
78 223 20
121 256 33
133 154 21
557 251 12
406 185 16
249 67 18
1 359 25
470 336 28
410 62 25
574 23 13
351 76 13
519 439 15
497 349 28
104 105 13
557 394 22
464 430 20
417 596 16
314 546 18
67 47 1
585 260 31
62 304 30
577 120 22
164 323 25
253 499 31
87 415 13
75 216 24
353 8 28
176 77 11
442 386 19
448 367 16
25 77 22
324 296 17
454 294 19
0 319 25
515 425 25
83 268 16
314 295 15
94 137 20
395 369 20
458 394 21
78 146 16
67 577 19
444 87 22
135 231 16
102 562 22
98 528 19
246 37 18
260 87 0
47 55 28
98 6 19
274 423 19
442 69 20
284 496 14
511 345 17
134 373 22
563 256 16
377 563 14
279 89 29
218 343 25
506 291 11
360 99 10
200 405 31
113 208 16
335 168 11
314 588 22
163 20 35
197 440 34
210 454 23
166 558 16
42 393 28
71 443 16
588 13 15
157 439 14
305 486 18
452 152 22
192 211 24
508 439 4
100 385 42
147 378 18
518 546 45
363 96 16
157 16 26
287 574 6
120 96 23
348 403 25
490 173 36
150 392 19
329 207 13
570 147 9
477 595 18
399 64 19
217 282 1
52 113 23
474 48 17
204 199 20
294 557 22
543 79 21
562 214 28
110 502 15
364 163 13
270 60 21
141 414 21
61 186 26
398 332 21
577 379 30
365 418 17
566 30 30
255 352 21
318 529 30
317 593 16
424 33 21
432 175 19
163 222 11
40 16 30
215 149 22
262 525 23
537 524 21
450 232 21
400 147 19
293 547 17
533 128 16
238 320 21
44 123 26
253 597 27
596 303 38
250 105 28
452 77 35
141 97 17
484 166 9
406 594 18
360 216 20
91 435 29
282 237 25
181 14 18
229 518 9
152 67 19
439 494 13
225 20 16
95 11 23
497 27 25
574 475 16
481 239 16
411 555 14
453 116 14
22 292 18
573 565 14
126 502 18
535 482 2
441 66 10
169 97 7
305 44 18
447 544 20
184 2 41
99 207 17
334 50 19
423 400 26
335 555 30
233 239 24
383 367 31
90 374 27
290 59 7
251 283 28
82 112 17
306 592 7
412 207 9
348 323 16
268 140 19
523 507 20
227 55 11
137 384 14
408 463 19
452 141 16
495 415 23
220 376 -2
404 67 25
449 424 24
302 236 34
23 254 13
478 128 25
379 556 21
159 218 15
252 168 14
418 188 14
179 333 20
214 562 22
116 231 6
391 180 3
341 358 16
302 188 27
427 216 19
459 240 17
586 174 16
321 297 10
307 95 30
421 572 12
302 58 15
185 73 21
175 463 29
378 396 22
584 5 17
295 103 35
35 225 8
8 300 22
109 424 21
574 75 24
395 580 17
574 34 40
375 534 25
308 322 24
499 321 33
363 339 35
231 476 18
155 342 22
145 408 19
305 491 30
208 117 17
121 266 12
20 172 17
49 201 13
337 58 10
35 306 19
451 154 31
185 415 38
178 234 20
504 5 29
71 248 38
95 553 26
351 453 16
265 0 2
355 58 15
165 208 27
317 451 14
417 53 23
53 174 22
55 459 15
537 35 21
171 504 19
544 99 4
182 9 -1
203 346 26
552 286 23
240 525 10
460 170 38
125 432 7
559 425 33
493 218 12
481 391 29
72 194 10
65 562 13
88 11 14
362 461 20
87 41 20
377 233 16
466 316 21
2 142 1
589 262 14
113 35 26
252 367 30
323 582 28
467 594 32
147 68 22
334 548 3
556 407 23
156 224 21
488 270 14
77 250 8
243 57 10
137 183 30
105 24 18
68 228 17
7 443 14
280 433 19
247 337 19
179 28 12
78 490 7
511 9 -5
223 524 17
186 384 10
380 336 32
203 77 27
564 278 14
318 442 17
247 311 25
202 568 12
490 371 21
490 543 12
327 199 17
84 210 7
328 94 14
191 480 20
251 427 24
517 550 19
182 126 31
537 502 15
291 511 26
112 235 28
347 561 26
139 379 23
318 138 17
343 399 18
40 400 21
478 421 15
488 408 20
101 305 24
244 92 27
442 561 13
459 501 19
567 259 24
566 555 21
458 383 26
340 534 16
105 117 19
56 563 9
567 197 10
541 302 10
166 281 28
33 344 15
460 261 14
210 277 8
69 288 31
71 183 17
101 594 25
491 225 31
182 581 24
309 391 14
364 474 18
452 364 45
163 406 27
442 405 28
115 411 16
257 414 7
332 124 12
293 84 16
279 431 20
140 84 23
127 590 21
120 208 17
483 19 26
300 43 9
353 36 4
60 192 20
330 71 18
127 126 29
291 462 35
294 454 11
463 28 28
508 587 27
399 30 17
485 544 15
44 43 15
521 557 25
337 348 20
176 250 26
555 236 30
210 19 11
150 398 23
250 34 17
201 386 -1
146 251 17
413 426 17
312 32 11
316 306 9
478 44 23
299 383 27
587 332 -1
383 258 22
172 248 26
433 197 8
39 186 25
460 275 31
380 341 15
19 484 21
124 422 22
213 278 24
308 582 12
243 69 27
480 318 18
518 419 14
2 167 30
37 521 20
508 3 26
406 277 22
487 250 23
487 517 16
210 119 23
118 439 15
159 215 12
35 59 19
497 261 22
434 595 15
127 576 37
466 592 28
251 332 17
310 301 14
472 131 6
477 349 32
347 200 20
101 557 14
327 551 21
171 274 24
475 161 11
302 35 25
240 456 28
87 55 18
127 40 14
170 409 18
12 64 17
249 271 19
344 430 17
573 574 6
200 62 22
489 215 25
572 215 20
325 219 38
320 580 32
248 380 20
239 64 19
93 456 23
541 501 6
257 388 32
64 114 9
474 462 19
142 554 19
465 309 21
520 104 19
364 299 8
49 398 12
382 392 22
367 64 21
497 218 22
587 160 23
528 32 15
278 554 23
268 542 19
164 460 19
371 431 18
49 539 26
541 27 26
497 158 20
508 552 20
595 478 26
165 175 15
372 146 5
95 583 13
429 260 21
482 8 14
437 38 14
19 450 13
46 87 23
126 72 9
440 94 22
59 317 11
268 366 11
487 34 22
468 223 12
128 523 6
55 329 17
554 452 18
427 466 23
500 415 18
425 130 21
206 234 27
192 595 38
322 108 36
47 344 13
200 21 20
92 186 13
103 40 5
440 113 28
522 108 19
250 562 30
146 416 23
50 438 39
277 520 17
532 206 20
186 32 11
268 82 13
134 124 22
497 172 21
515 523 21
412 281 14
153 424 16
452 590 20
236 92 8
13 102 28
567 283 20
489 567 20
448 179 32
183 438 14
165 509 10
509 369 1
454 379 32
550 242 31
550 594 19
164 445 22
18 119 24
8 207 14
110 82 36
317 120 20
389 142 0
266 409 22
168 350 23
62 118 11
379 354 22
332 21 18
117 503 23
207 149 32
221 90 14
315 217 19
552 257 8
302 102 13
358 232 22
346 594 33
41 449 18
552 273 17
226 555 15
185 374 15
27 469 25
564 262 29
53 97 10
449 352 19
199 169 13
409 227 22
11 182 22
282 574 22
305 513 16
306 27 19
389 21 15
304 185 37
103 353 23
246 83 14
166 296 25
338 391 13
277 344 22
278 333 14
363 134 18
428 236 15
41 338 15
499 285 26
88 93 28
38 140 14
459 319 30
435 237 21
421 380 20
525 484 5
150 93 20
536 242 20
533 189 28
65 137 13
517 447 12
280 443 18
594 450 14
423 102 36
179 69 25
162 66 25
311 522 4
390 216 20
330 166 25
84 140 10
303 487 15
516 36 28
380 428 13
92 295 15
395 592 21
9 279 30
181 127 15
434 462 24
559 87 28
82 332 23
70 512 19
220 407 36
300 148 16
246 152 6
138 343 18
128 532 23
486 479 18
501 548 27
22 577 18
18 305 32
134 17 22
273 50 19
448 434 16
351 215 16
327 447 18
580 162 26
423 11 21
38 207 23
213 253 22
218 400 13
387 409 31
255 174 28
523 219 13
382 561 20
68 19 17
137 578 17
355 33 17
557 256 13
307 570 27
234 183 23
471 527 30
591 466 13
509 149 22
392 33 40
90 239 24
346 59 15
58 590 26
107 117 17
38 449 35
60 89 14
253 228 14
204 447 25
490 393 7
399 325 28
84 435 36
276 177 18
278 424 16
419 117 29
461 430 14
217 219 9
4 378 9
169 139 34
470 76 19
570 116 21
460 356 16
434 41 22
192 544 16
366 554 24
396 506 17
295 562 24
477 109 16
434 485 19
34 163 20
441 450 22
573 8 28
247 553 25
405 574 20
319 22 9
198 535 7
262 477 16
69 134 30
223 465 23
552 106 9
290 271 16
446 411 10
494 293 10
325 28 16
180 243 19
229 21 15
111 494 8
95 562 13
326 278 30
411 172 19
377 555 21
490 412 33
198 237 24
191 146 12
373 11 29
255 594 14
382 390 6
566 83 21
452 300 18
201 359 20
340 348 21
233 376 10
349 348 18
314 134 15
523 274 18
18 88 13
568 484 15
330 344 8
459 124 12
540 348 21
556 7 4
493 279 -1
235 537 28
146 420 22
246 378 0
108 307 26
481 203 10
382 489 13
45 417 17
171 452 27
531 137 27
154 452 28
104 202 16
532 123 22
561 285 21
466 469 25
213 328 25
257 184 19
304 190 24
376 97 17
108 356 13
164 571 17
490 120 23
65 226 9
252 42 17
100 75 15
579 227 16
190 575 15
481 528 23
320 383 8
394 351 11
57 353 16
582 311 21
231 283 24
524 387 17
333 150 20
358 489 6
214 169 18
343 137 30
28 221 21
24 72 14
374 183 22
218 18 8
398 405 28
222 501 18
125 308 19
203 261 18
412 553 19
197 207 4
279 72 38
86 553 19
16 391 16
186 140 34
579 548 11
566 163 30
60 97 4
479 131 10
503 107 26
489 570 16
144 440 14
153 375 23
544 279 14
299 62 30
155 321 18
397 394 7
491 314 23
93 203 25
552 487 30
147 76 20
9 536 24
441 220 23
11 500 20
82 336 21
415 213 34
211 394 21
63 306 18
470 426 -8
588 427 19
428 505 9
568 166 23
254 57 32
6 463 24
148 62 23
249 211 17
345 209 28
195 382 14
277 276 17
581 432 25
587 89 18
81 223 36
43 442 24
501 431 10
284 32 16
280 493 23
453 415 28
382 495 14
319 451 37
235 425 19
71 563 24
517 234 22
253 297 23
453 65 13
565 169 13
278 314 3
224 571 19
511 238 30
428 191 23
567 150 22
398 313 7
314 57 11
251 352 28
392 415 26
79 508 28
498 496 21
165 390 32
185 445 12
567 339 27
407 168 14
471 321 6
218 293 17
86 168 17
55 348 12
411 146 10
353 421 15
113 220 17
33 2 26
572 2 16
357 144 22
513 534 19
163 429 28
379 408 34
476 459 12
41 122 15
315 566 25
91 138 9
309 127 26
173 140 14
440 203 16
478 345 19
453 24 28
494 189 8
122 153 4
198 512 19
57 288 15
486 307 13
557 235 22
302 200 20
541 208 24
454 394 9
34 318 13
196 525 25
18 14 26
486 79 17
55 174 26
457 4 25
354 93 16
102 153 44
207 597 11
91 369 11
502 296 31
313 94 10
260 55 18
544 7 20
120 399 23
70 354 21
369 13 12
479 170 24
227 275 24
139 353 5
457 335 6
340 278 14
33 98 11
87 513 16
397 350 23
280 298 13
444 50 23
168 344 15
203 65 16
38 89 43
203 133 23
42 405 20
528 482 27
580 220 21
40 150 22
144 421 27
2 153 11
444 368 19
481 13 11
197 134 18
48 327 15
348 227 17
35 36 18
83 429 20
168 209 6
299 93 -2
143 331 17
403 336 20
349 507 29
429 456 17
220 456 21
334 528 33
562 49 20
315 71 12
459 48 21
108 182 24
434 104 14
227 39 9
149 59 14
125 577 23
152 90 16
11 319 14
584 561 14
5 167 23
98 370 3
426 76 21
113 2 21
57 24 9
289 302 25
451 177 14
311 179 19
273 506 16
155 58 17
196 35 5
504 96 12
185 442 22
445 323 16
8 591 24
262 57 17
393 469 33
15 525 14
410 183 30
140 390 20
526 475 25
178 237 29
152 136 24
75 306 35
14 536 27
392 210 23
344 454 11
487 35 31
399 529 23
68 22 33
472 567 22
521 564 16
329 90 15
64 257 8
40 582 22
101 484 24
65 232 22
54 316 18
406 520 21
308 484 11
365 73 21
200 346 19
111 587 11
527 534 24
430 389 19
596 555 18
402 72 32
205 259 5
35 189 18
571 311 19
388 185 3
83 317 15
353 504 3
19 555 13
110 15 20
372 128 22
176 328 21
366 268 14
119 227 29
342 575 10
93 311 12
19 435 28
209 439 19
355 391 9
81 232 11
200 575 23
234 74 15
115 296 7
83 281 24
137 268 21
516 479 20
186 157 15
308 82 22
195 197 10
54 267 23
553 196 28
402 328 23
526 318 28
530 573 6
399 268 12
237 379 22
159 195 19
360 239 20
72 333 11
103 552 23
115 13 15
70 176 26
138 486 22
567 18 15
481 202 13
140 214 22
313 483 15
313 438 29
397 498 15
257 540 12
405 203 23
257 223 17
178 518 24
360 107 20
456 339 23
239 450 14
116 118 21
312 366 19
182 67 26
129 43 12
437 554 31
32 161 20
287 228 17
285 432 15
536 571 5
280 218 17
89 138 21
300 50 22
304 192 16
145 433 31
142 228 5
333 295 18
204 499 12
558 202 25
568 106 20
112 334 23
535 233 14
29 554 33
586 203 27
508 361 19
283 276 18
396 14 11
286 233 21
39 542 32
386 299 20
106 98 11
496 491 26
241 546 24
136 191 17
477 434 29
408 427 27
239 336 19
222 377 21
220 35 18
307 569 26
392 373 14
400 200 30
397 66 22
121 309 6
411 542 20
494 351 27
215 506 21
287 176 19
486 536 11
437 244 20
528 442 29
422 18 4
327 286 10
463 481 9
543 76 2
249 364 27
349 557 14
582 14 22
2 62 15
170 558 24
229 34 30
223 301 20
326 301 23
422 595 11
388 359 22
180 108 15
131 269 25
186 106 25
10 160 20
176 206 30
589 136 15
580 373 8
457 563 19
530 264 10
237 542 24
141 40 25
249 408 23
85 410 12
516 146 44
163 487 2
97 519 26
582 230 9
275 478 23
126 537 15
402 346 17
279 181 30
363 398 12
132 504 17
415 295 15
456 197 9
50 8 11
72 516 20
415 167 24
414 105 15
500 277 20
522 575 1
441 288 12
329 476 9
373 158 16
454 94 21
521 400 19
125 287 21
406 39 1
2 398 14
269 240 13
595 255 29
366 102 24
323 1 17
375 481 20
581 220 13
84 108 17
127 394 9
471 219 12
521 593 22
293 275 15
144 392 18
152 11 24
150 363 5
493 368 21
192 66 21
117 212 19
544 520 35
162 449 16
170 355 22
153 479 9
102 8 12
202 390 10
492 416 15
482 116 32
556 138 12
443 75 33
228 292 21
541 337 11
299 518 8
84 201 12
303 132 29
328 218 21
203 353 23
17 358 17
384 22 20
409 233 29
208 278 28
13 328 19
352 419 8
482 13 19
184 519 18
554 328 17
351 144 21
551 111 25
97 545 18
140 231 3
587 103 21
489 239 17
427 201 29
389 220 13
114 535 19
531 279 17
147 484 12
311 184 24
131 468 12
336 446 36
192 494 19
230 116 14
580 290 24
234 302 11
521 43 16
386 9 21
453 525 28
68 222 19
437 487 30
359 223 32
1 553 14
280 501 3
524 383 24
504 497 21
564 107 17
454 325 16
568 86 21
117 304 14
493 69 24
16 277 22
89 164 27
391 254 27
466 360 14
69 15 22
553 355 29
446 167 9
116 219 15
345 117 9
482 62 36
53 48 18
403 194 30
438 365 14
303 572 19
344 395 18
372 560 6
580 587 20
304 271 26
284 281 30
292 596 27
322 454 19
587 58 24
371 466 31
11 455 17
305 23 29
300 532 12
453 465 14
467 52 30
541 118 25
211 306 16
205 415 9
451 366 14
535 252 14
340 56 28
5 276 18
106 475 40
299 482 22
408 483 20
17 368 22
599 177 22
153 169 18
412 298 23
588 156 19
444 247 23
437 473 28
475 239 25
510 448 9
556 457 14
477 125 27
573 327 14
402 117 26
166 52 29
581 270 16
360 518 23
554 402 8
119 108 17
262 460 17
561 359 28
72 536 17
502 269 17
43 359 13
288 105 17
112 488 25
362 548 31
372 498 25
474 6 40
557 303 13
196 72 18
135 192 8
456 74 31
311 414 4
579 196 33
296 372 24
453 111 6
582 115 25
492 495 13
423 161 17
249 547 14
26 219 19
146 439 17
80 576 18
546 346 35
237 560 34
251 457 14
31 167 16
405 240 13
367 576 22
437 191 10
275 408 4
5 13 25
595 351 21
89 60 9
265 298 19
195 284 35
401 326 29
351 412 19
337 540 9
97 284 24
347 439 21
276 154 21
291 191 15
230 270 26
66 43 19
329 599 22
84 195 13
271 197 22
202 298 22
405 138 11
110 292 34
310 384 21
70 199 10
342 416 31
424 55 11
359 99 21
232 30 10
540 372 20
330 460 17
185 191 21
388 263 15
510 522 13
511 340 23
347 38 12
405 476 21
195 166 12
49 215 13
27 566 14
26 148 8
185 354 25
225 341 14
149 347 30
548 164 17
43 355 16
515 590 25
247 440 11
449 399 27
4 435 18
301 215 12
504 84 19
10 585 24
125 211 7
416 370 30
140 102 11
284 163 15
413 505 28
126 187 21
153 113 22
519 23 33
527 3 15
334 86 21
361 300 13
385 277 12
119 338 24
146 524 13
365 313 24
348 201 16
179 484 15
31 60 29
151 176 7
299 32 15
245 468 19
488 146 18
466 239 24
508 74 17
415 468 13
339 538 19
526 535 12
214 485 18
533 590 12
295 81 20
512 49 21
529 333 32
400 170 10
534 284 16
85 346 28
490 325 13
490 148 13
30 270 11
538 145 27
294 267 11
200 509 13
598 206 24
1 578 38
52 339 24
223 19 21
202 14 24
223 5 25
34 244 27
212 499 16
392 394 25
393 362 17
587 170 3
582 143 28
499 116 7
332 245 25
458 485 38
157 500 16
26 69 32
544 38 11
226 535 19
432 527 25
477 492 21
20 177 3
530 450 23
486 391 22
81 499 11
536 304 10
135 45 22
50 581 19
482 164 20
564 205 19
138 73 -11
10 199 35
303 445 6
216 411 9
403 20 15
62 476 16
346 78 10
339 455 14
355 217 18
79 349 6
75 277 19
279 66 22
514 547 29
154 87 19
183 585 14
289 380 16
392 420 19
594 24 15
426 290 23
527 151 6
5 321 23
49 34 30
350 488 30
20 593 17
545 547 15
525 119 27
474 567 27
223 75 11
324 256 22
354 376 19
550 587 12
538 594 29
263 257 29
458 454 20
530 401 22
25 300 20
10 482 17
271 336 14
300 597 21
502 276 0
561 111 23
467 184 13
226 156 13
219 434 25
428 581 15
136 341 30
500 106 9
572 150 16
442 520 18
35 289 30
343 196 23
50 112 20
152 574 12
276 164 20
18 455 17
489 417 14
86 322 16
334 518 32
564 206 7
234 578 29
449 233 17
196 272 23
379 14 8
496 355 29
21 34 26
47 108 29
319 103 30
524 398 20
432 534 18
190 69 13
236 187 27
574 63 28
215 1 23
268 290 22
248 400 7
300 152 13
362 566 29
357 26 37
372 383 10
301 512 23
99 120 10
570 74 10
500 14 19
313 521 24
25 64 31
498 214 19
203 568 15
116 493 30
346 109 9
282 296 36
183 472 19
26 472 17
68 10 32
459 292 33
438 1 14
439 339 15
92 435 24
296 93 16
30 56 9
516 373 19
408 411 26
594 425 19
236 284 23
590 89 8
251 167 9
505 94 26
458 178 24
141 498 24
409 375 31
405 35 2
66 197 10
195 317 24
495 484 20
486 360 9
202 309 28
565 543 13
104 77 20
26 417 23
63 555 26
281 416 5
235 494 21
87 196 18
147 591 11
258 248 24
2 484 32
2 498 23
390 510 8
545 556 27
423 245 20
588 432 12
504 451 21
417 242 19
314 203 30
266 249 7
284 487 19
52 255 24
18 472 25
79 395 10
369 282 14
443 234 18
119 310 25
341 319 9
493 354 0
417 371 16
262 450 33
399 524 20
39 283 23
415 474 1
575 458 20
327 485 17
390 0 27
1 560 18
91 239 29
244 194 20
69 137 23
354 32 16
394 196 30
546 363 16
153 390 7
381 156 25
232 181 30
283 314 20
52 364 29
332 537 27
250 276 21
407 56 26
187 384 22
105 239 25
231 62 8
433 5 15
194 286 6
510 564 9
91 480 26
458 80 20
361 562 4
67 568 7
110 568 5
239 219 27
94 177 26
357 244 29
558 192 20
72 270 27
175 568 37
357 473 25
418 311 22
265 26 0
546 43 32
181 254 23
423 223 5
516 191 17
113 332 14
324 167 6
452 269 28
366 481 9
323 445 21
43 353 12
462 389 26
463 81 12
217 74 7
77 515 34
211 382 29
164 58 14
405 284 27
458 243 28
245 65 17
77 593 21
581 244 10
23 341 17
10 330 11
199 30 7
293 575 21
197 210 11
174 586 8
217 556 22
241 413 20
201 319 26
322 531 40
297 377 23
234 568 19
410 432 24
434 357 24
568 109 14
505 477 28
362 102 30
324 240 19
14 472 30
128 37 10
354 247 27
111 572 16
46 347 15
378 237 18
530 359 6
125 326 16
429 599 2
109 104 16
62 150 14
203 580 20
57 489 15
467 270 10
182 213 33
136 577 13
358 183 22
217 226 19
220 81 17
493 420 27
2 558 32
463 42 21
17 265 21
168 227 22
24 194 22
572 526 19
461 306 2
82 374 20
524 431 21
192 380 13
345 206 24
545 208 5
522 167 28
120 449 13
280 557 24
556 399 24
508 75 30
6 357 22
116 145 17
478 8 28
13 213 10
570 335 7
341 493 43
99 595 13
493 415 23
464 442 23
309 409 28
535 570 5
440 597 26
288 300 15
564 277 4
215 553 15
217 143 27
560 128 7
31 281 25
427 414 15
2 581 17
476 383 10
576 500 15
69 591 21
503 186 15
577 569 9
234 317 5
281 108 22
48 482 22
322 133 40
89 408 19
538 249 19
579 592 22
147 554 23
385 118 28
399 129 9
402 302 19
251 484 2
538 367 27
78 561 20
17 243 13
560 233 14
119 93 16
292 386 19
110 488 30
413 194 16
322 597 17
503 151 34
219 480 23
52 306 18
63 447 28
116 517 20
344 106 18
505 413 19
409 404 29
190 215 21
274 321 0
225 52 12
549 32 21
210 396 16
413 402 22
307 46 15
544 169 17
398 458 28
258 391 32
589 169 15
47 560 12
344 0 30
347 37 24
286 114 27
539 232 26
235 208 25
406 560 20
300 231 12
14 594 15
543 30 25
223 240 12
462 564 23
37 598 21
538 565 2
287 55 14
33 294 24
152 372 10
58 580 28
586 332 19
253 385 12
291 85 9
61 191 19
289 169 24
44 129 26
1 318 24
30 278 19
301 519 18
186 178 29
530 536 11
425 467 15
376 230 23
25 550 17
344 535 22
504 450 1
500 294 30
232 366 11
36 244 15
46 389 23
511 127 21
498 534 24
536 497 18
61 27 20
478 87 4
522 131 16
413 214 26
236 332 17
256 555 21
426 122 21
149 79 20
226 469 11
270 500 11
0 183 24
84 30 24
354 303 5
355 194 21
148 474 25
331 191 16
543 286 19
190 61 23
597 46 29
559 594 17
46 73 14
270 494 24
151 397 19
418 571 22
296 466 15
334 524 25
459 348 28
169 438 26
144 26 19
214 365 18
69 190 27
138 38 16
62 553 20
351 389 32
129 426 19
72 82 29
304 410 29
468 168 27
230 235 16
416 526 13
319 81 15
311 312 22
66 388 19
116 474 22
504 220 14
173 405 23
150 500 15
455 30 29
328 186 17
4 158 16
520 516 19
11 192 36
538 266 33
63 249 13
531 244 24
422 359 29
388 589 21
513 116 33
437 126 7
576 452 8
45 165 27
236 465 8
68 180 7
298 87 20
589 297 -2
335 575 25
335 310 24
215 270 25
584 530 28
242 598 16
543 417 11
176 324 20
346 26 25
154 349 11
585 489 22
422 296 21
389 469 22
0 99 14
451 564 12
186 418 31
185 192 24
78 8 14
477 237 32
480 244 29
251 200 6
126 341 20
453 265 27
449 22 19
583 527 19
101 582 22
230 402 20
44 232 29
179 360 8
168 372 29
169 177 21
25 209 16
160 196 25
318 415 21
62 257 33
100 430 20
24 245 22
41 587 7
340 15 19
99 69 24
209 532 11
200 536 31
266 118 31
140 356 18
439 267 28
322 447 17
131 262 16
555 576 19
359 145 24
589 1 27
292 468 20
3 519 14
306 384 25
419 240 22
242 176 33
386 342 6
245 498 21
441 448 20
53 456 19
425 332 10
559 175 16
242 433 21
219 333 29
473 488 25
144 58 26
393 267 23
558 242 28
528 558 18
530 255 9
475 550 29
263 281 10
361 35 20
425 589 34
282 498 30
397 478 26
598 271 12
529 367 8
513 353 8
153 105 24
440 596 19
160 566 27
515 555 24
401 141 15
323 224 19
97 423 17
128 207 25
580 7 18
435 146 24
458 170 24
564 92 17
380 51 19
26 595 15
17 389 19
488 582 13
266 222 25
375 390 36
421 349 24
322 266 1
299 57 17
203 66 21
538 293 14
7 114 22
463 45 18
494 226 13
77 143 20
277 109 17
46 285 13
130 316 16
599 160 29
474 543 14
385 177 25
319 341 25
366 398 28
59 193 28
594 512 19
401 527 30
129 343 20
235 132 22
197 141 21
172 551 22
523 311 10
230 180 24
9 210 17
163 388 11
516 381 17
364 435 14
405 392 20
385 194 14
577 142 20
527 26 35
62 341 12
438 166 20
50 0 29
72 114 33
5 6 12
392 473 28
267 536 26
141 599 25
85 16 28
21 358 23
594 536 12
570 348 22
574 438 13
402 542 27
215 147 19
112 424 19
21 133 22
488 17 25
570 591 15
407 263 24
497 465 34
0 406 28
198 443 16
155 324 20
121 516 18
114 166 31
50 183 31
307 355 38
576 300 5
422 58 28
27 571 26
262 540 21
204 383 14
414 163 16
139 481 13
388 218 20
284 259 12
5 127 29
323 338 20
188 201 16
575 460 10
180 49 17
212 280 13
268 474 31
319 541 9
141 381 25
94 268 14
475 127 10
172 348 19
534 91 14
4 1 19
531 270 12
37 379 -2
220 487 22
588 481 29
281 476 14
319 274 35
372 187 24
421 25 27
487 537 11
432 133 9
418 113 10
79 234 21
391 199 -1
506 474 16
75 24 16
354 258 26
542 567 27
522 130 21
573 191 24
592 290 14
308 486 36
122 197 15
556 161 40
515 70 16
65 47 28
120 354 2
392 313 24
34 582 19
231 240 23
86 189 20
306 170 6
370 239 15
597 151 20
347 369 21
117 587 21
139 241 10
284 302 23
116 368 16
262 41 19
280 0 18
195 31 9
57 140 7
262 255 13
441 234 18
35 575 20
163 395 13
594 551 23
93 76 21
239 170 21
174 578 17
595 561 24
366 311 17
284 52 23
464 355 9
31 188 7
47 63 7
199 129 10
392 311 21
177 77 18
52 438 10
581 189 3
507 14 14
254 557 14
352 302 38
47 45 34
138 105 23
45 566 18
185 469 29
548 187 28
87 13 19
276 307 23
146 326 17
484 90 14
162 95 24
48 590 15
132 113 19
418 63 22
108 519 17
192 190 26
338 214 9
163 542 7
111 405 23
459 102 16
254 102 18
533 493 29
309 595 12
479 156 19
75 401 32
269 145 36
514 460 20
426 386 18
138 441 13
533 521 37
388 305 7
458 432 6
89 40 11
405 294 27
250 178 20
347 251 16
490 314 17
331 559 6
584 396 19
588 394 38
294 373 15
225 228 31
334 540 22
472 498 29
376 329 16
563 291 27
91 9 10
502 450 27
97 162 21
352 81 13
438 122 29
232 49 17
37 274 26
368 297 33
457 147 23
163 414 36
103 422 36
121 194 22
389 165 17
350 142 26
563 571 12
229 155 14
361 133 30
150 528 35
118 452 14
55 463 17
29 1 19
421 4 13
103 536 10
266 133 23
278 21 32
517 202 11
549 465 15
351 350 18
387 589 21
90 252 18
430 276 19
218 146 9
162 141 24
285 120 23
2 47 14
36 354 19
155 99 -3
10 145 21
389 413 27
81 550 27
331 123 27
586 599 21
543 67 9
115 263 27
225 465 32
8 34 21
123 78 17
406 216 21
520 406 30
32 554 13
473 353 8
190 466 27
521 551 15
496 397 11
82 38 26
118 447 3
416 449 14
151 529 7
420 24 18
580 294 37
477 506 33
137 324 30
520 549 22
191 494 20
391 449 26
369 159 6
447 3 32
599 324 14
192 497 6
466 217 14
252 60 33
168 310 28
153 203 44
471 479 12
342 133 21
458 92 11
148 505 24
414 33 11
430 42 23
122 332 25
449 86 17
152 50 22
418 338 38
116 37 15
28 135 12
42 80 26
537 88 31
89 56 18
62 153 15
220 124 22
1 321 15
172 22 16
236 504 26
225 48 17
513 201 25
185 127 29
189 505 14
477 363 23
559 221 22
352 444 15
127 47 14
193 262 24
41 314 36
173 293 31
194 553 15
415 393 34
311 491 14
107 531 23
282 81 12
500 254 30
550 350 23
323 62 23
160 382 29
400 19 16
385 331 17
331 146 12
569 411 12
237 25 20
79 297 30
420 372 13
132 196 18
557 370 17
387 30 10
410 11 10
419 218 15
564 440 16
438 189 27
30 76 21
23 263 21
368 530 8
585 464 17
489 169 20
53 151 7
190 417 4
178 154 15
442 31 17
349 68 23
418 440 17
178 577 17
91 92 35
87 472 6
278 209 30
321 554 29
259 487 12
414 528 23
62 436 20
92 566 37
457 518 10
190 521 19
100 12 22
24 513 25
383 416 18
40 407 29
140 391 11
181 408 32
55 94 30
441 527 19
23 519 -5
513 214 25
164 10 20
105 149 13
289 44 30
250 545 19
273 138 17
493 398 3
578 198 30
190 557 21
167 313 9
340 591 4
576 111 14
109 446 14
313 262 9
268 130 24
162 166 15
218 161 23
230 408 29
441 599 28
193 455 21
231 504 23
205 237 27
491 531 30
495 579 7
37 568 18
516 325 21
146 582 25
149 529 24
152 42 5
318 547 21
257 132 25
187 301 23
186 573 31
463 581 12
232 114 34
331 59 16
221 441 37
540 577 5
219 133 31
78 491 26
483 397 14
253 399 34
315 450 20
328 47 15
51 274 35
120 498 14
204 139 17
232 595 15
424 567 33
267 510 21
424 407 20
453 573 29
117 532 24
502 526 12
6 420 31
392 199 19
440 292 19
301 137 16
166 311 17
339 576 8
136 325 22
169 184 21
429 156 15
73 361 26
499 379 26
342 292 12
179 65 20
461 428 26
40 394 12
237 238 15
534 89 29
56 128 9
220 87 29
562 69 6
4 506 28
599 550 21
304 110 7
214 362 17
246 574 23
314 339 18
493 446 17
188 266 8
501 558 21
408 457 25
244 338 29
41 489 12
238 199 34
55 11 26
418 509 25
47 390 20
2 164 33
178 363 21
49 487 16
491 513 12
126 88 14
583 245 29
109 346 22
540 172 41
1 28 17
254 95 14
582 300 22
239 225 26
551 98 21
115 398 9
75 109 7
307 519 17
175 339 17
530 518 21
501 410 27
253 255 16
336 436 12
517 142 40
130 473 21
573 180 23
121 466 36
73 589 16
84 156 17
477 367 14
318 219 20
214 506 39
234 64 23
574 400 21
358 284 14
87 309 18
522 2 20
148 127 15
331 310 20
377 13 24
442 516 18
243 215 21
235 400 24
199 370 20
58 246 10
475 487 26
233 45 19
385 31 20
143 424 7
193 199 8
140 306 18
17 84 12
144 64 24
62 95 11
273 515 26
314 170 22
557 471 43
189 536 14
596 142 21
135 171 15
42 136 10
165 386 23
74 564 22
404 98 11
341 550 16
586 538 18
589 591 11
377 373 25
347 556 17
83 360 29
332 577 13
269 509 12
287 148 23
399 80 25
213 523 13
380 534 30
561 291 28
171 317 11
276 452 23
180 402 13
147 10 20
531 149 17
498 158 22
498 101 20
533 578 25
344 380 21
229 483 14
532 84 16
450 69 18
195 363 16
14 21 16
265 203 14
60 531 12
385 75 13
365 394 16
141 490 15
229 554 28
431 226 29
339 70 21
121 511 13
182 529 16
198 256 14
104 336 19
479 572 16
589 74 23
378 302 36
410 346 23
370 506 17
528 43 12
524 373 30
0 306 26
357 215 32
157 576 15
526 404 21
175 29 27
410 150 25
300 277 18
196 540 30
543 142 25
12 471 13
286 179 23
124 353 27
1 330 24
467 295 14
525 504 32
10 485 28
418 210 8
574 365 24
525 353 11
566 100 20
161 210 12
26 137 23
222 508 34
463 38 17
139 576 12
64 282 25
413 204 20
363 39 16
407 336 24
386 62 17
515 139 16
46 143 22
209 15 10
442 23 17
129 324 15
551 164 12
240 73 16
222 457 30
175 276 20
549 0 9
337 454 24
572 328 29
34 558 30
492 126 11
31 553 16
448 97 25
312 186 29
464 287 33
136 24 16
264 185 36
508 364 13
421 164 21
544 220 18
39 582 26
570 392 11
393 63 22
521 271 21
566 17 15
68 599 25
69 271 25
18 288 32
527 545 35
533 39 25
534 393 22
172 245 16
558 42 3
456 290 5
555 254 6
244 80 26
60 188 21
380 100 11
163 25 18
184 308 27
491 360 5
464 282 14
402 426 17
399 199 17
334 478 20
153 496 17
434 202 22
62 372 25
527 503 15
303 468 14
429 400 30
494 457 14
337 323 14
584 177 32
430 446 25
459 434 21
591 578 5
490 133 1
160 107 16
558 380 11
161 558 27
228 67 33
285 546 17
395 418 13
53 199 22
556 376 13
423 433 12
562 313 21
354 404 30
498 505 22
505 449 18
393 551 17
134 192 5
138 90 17
142 548 21
39 503 16
248 50 29
261 488 9
487 449 11
2 122 23
467 370 28
367 129 28
222 219 32
171 60 20
276 341 20
448 577 16
325 128 37
139 27 20
453 248 32
23 351 23
269 407 10
78 577 28
268 343 29
369 143 18
591 230 23
423 450 35
75 133 1
477 430 22
525 531 20
576 146 12
47 148 12
343 562 17
467 464 15
535 75 30
12 10 25
595 63 7
191 262 -4
423 278 13
518 133 14
232 98 21
156 368 19
155 105 28
108 372 22
204 49 17
320 461 23
221 62 30
2 366 17
314 43 18
315 406 22
451 123 3
484 593 27
328 358 20
71 171 31
293 310 13
565 388 11
144 472 26
552 575 25
540 465 30
61 100 18
106 385 24
388 350 26
66 526 18
386 439 18
31 469 20
486 45 27
367 401 27
145 526 27
335 201 19
214 443 30
233 494 16
172 360 23
584 22 18
419 432 21
37 474 13
494 297 8
511 575 25
90 27 27
280 573 14
157 470 34
13 235 29
571 495 16
156 539 29
289 385 30
403 60 16
82 142 19
483 388 27
346 567 23
326 83 35
374 423 24
331 467 20
561 197 12
458 468 21
63 521 20
233 28 20
545 1 2
445 41 19
323 135 27
592 189 18
458 61 16
298 258 14
471 195 14
532 295 21
532 443 11
491 51 39
288 569 15
116 189 21
365 308 29
392 213 18
513 478 24
448 463 23
47 78 23
430 3 8
285 454 13
163 323 23
481 389 33
558 356 20
486 314 18
300 222 22
278 252 16
478 184 10
294 176 19
400 508 31
471 578 29
585 463 25
84 547 17
188 537 18
341 565 36
427 490 0
152 254 36
202 61 14
277 241 13
394 400 30
143 99 28
181 497 37
596 472 11
398 190 15
46 450 16
78 94 18
312 515 29
579 281 11
276 510 12
98 222 32
7 334 32
68 218 34
82 1 17
159 549 43
205 527 26
516 197 21
566 166 28
470 16 25
137 517 23
561 544 22
556 539 -6
594 42 19
331 143 14
176 483 9
127 429 37
155 6 21
393 311 23
574 542 13
468 87 15
494 394 25
147 551 30
430 546 13
284 507 15
248 592 34
133 366 12
176 161 19
94 334 13
508 163 16
476 554 11
410 583 29
224 268 22
30 126 19
273 22 24
69 259 16
100 424 14
501 554 33
89 167 25
136 296 18
481 560 22
422 13 28
521 295 25
391 538 28
562 505 20
74 307 6
391 322 20
540 545 30
401 534 12
330 540 24
306 515 8
316 42 13
134 279 36
268 478 16
75 1 17
446 66 24
426 299 10
238 463 24
125 487 24
146 95 10
461 5 25
391 496 7
72 180 17
54 291 18
181 455 8
59 426 18
74 76 12
129 88 23
100 508 21
315 346 5
156 524 28
42 553 25
99 458 27
84 518 29
89 24 34
124 593 19
597 425 23
342 91 20
398 292 19
489 312 20
151 398 8
95 429 25
486 544 10
259 34 8
100 131 20
510 73 5
14 26 8
368 533 19
406 551 8
43 426 16
548 142 20
9 365 15
126 350 14
93 511 24
354 229 27
520 147 33
135 160 25
449 183 8
96 60 30
25 419 28
250 379 19
215 82 24
184 8 23
165 83 26
142 156 42
118 330 26
472 133 24
108 167 20
451 544 7
263 322 21
120 59 13
101 390 25
283 46 16
154 229 12
456 483 28
297 459 9
313 381 8
483 348 14
583 375 20
544 313 7
419 455 20
580 297 17
65 245 18
316 191 30
248 465 15
536 522 23
47 111 28
400 376 18
23 510 32
217 337 28
189 436 19
119 90 29
254 195 19
162 62 23
346 279 18
391 395 5
60 26 13
507 480 4
517 512 20
362 484 27
460 158 17
544 318 7
429 443 19
302 595 22
548 296 30
219 190 22
33 369 21
74 351 20
80 398 19
315 0 19
10 493 23
317 511 8
31 520 11
66 269 17
446 388 19
480 98 23
476 388 17
188 342 32
585 476 32
217 492 14
217 472 31
270 95 22
129 135 13
189 126 24
118 456 19
321 272 9
345 373 15
545 302 5
171 299 24
301 156 16
291 328 13
134 351 23
133 140 12
52 114 14
327 97 20
594 62 9
126 223 22
262 277 25
410 26 28
439 576 26
247 202 27
470 479 15
18 124 21
166 117 9
506 67 23
492 392 10
71 340 10
399 537 16
127 537 26
383 229 27
504 131 18
101 40 15
196 568 28
433 287 16
283 273 20
40 323 19
445 39 3
256 211 30
51 519 22
416 580 19
515 351 2
482 412 36
139 470 11
83 266 34
267 351 19
383 304 16
262 432 15
150 56 21
77 495 25
156 247 25
159 340 15
271 468 20
595 5 28
514 195 14
493 589 11
368 289 20
305 521 21
353 145 10
591 192 29
404 218 11
39 394 22
106 420 11
534 361 26
334 566 24
426 54 24
271 477 22
363 90 15
410 439 24
200 546 25
220 557 12
26 74 24
107 54 27
385 62 24
56 361 16
561 474 20
195 499 31
545 242 18
595 447 25
48 575 18
341 404 12
42 506 27
379 565 19
598 62 19
571 263 10
401 166 21
497 297 26
11 42 24
567 160 14
421 146 23
464 381 16
360 393 16
136 488 23
297 406 18
48 560 23
447 244 25
182 364 14
174 375 7
232 9 26
435 476 32
260 464 11
102 368 15
474 426 25
5 29 5
420 221 12
165 597 7
406 205 27
459 517 16
480 499 30
45 467 14
305 185 7
331 504 16
550 178 9
461 197 17
596 540 22
174 498 2
171 406 17
61 84 9
153 125 12
374 256 16
125 454 11
157 574 22
439 240 45
350 535 27
384 76 29
113 346 24
51 516 16
80 295 3
362 397 39
149 46 16
258 411 22
420 191 8
90 2 30
406 359 2
51 234 19
132 338 25
147 315 35
95 247 5
266 567 23
599 113 31
523 126 21
393 497 24
213 343 32
257 464 24
573 505 3
456 24 12
176 290 16
535 95 10
301 467 11
255 226 20
475 538 19
354 355 19
31 533 18
478 111 28
570 536 12
282 351 27
164 158 16
415 133 35
344 195 26
99 541 17
230 193 21
221 533 8
565 249 12
357 30 18
127 503 21
224 379 24
241 89 2
65 591 7
265 191 16
536 274 24
464 500 21
12 388 17
104 419 13
218 152 28
565 362 16
197 98 18
221 417 21
509 457 18
274 260 36
11 469 20
490 343 22
334 416 13
494 492 25
33 173 26
444 293 29
5 588 19
54 193 21
191 441 10
63 45 21
470 481 5
175 451 32
280 411 20
284 12 23
70 382 10
582 400 13
171 214 11
260 314 17
542 406 10
158 339 16
12 398 12
47 9 24
60 62 11
454 451 10
152 376 17
342 515 28
510 591 16
457 185 26
66 468 30
201 240 14
208 500 32
189 199 19
89 458 12
518 416 22
402 159 23
118 473 12
319 361 23
90 115 0
298 382 19
332 580 13
369 585 18
128 60 27
504 469 20
477 330 21
359 162 6
393 48 16
558 416 15
425 594 26
424 138 24
417 45 18
469 558 16
591 344 25
383 564 13
489 138 17
524 222 19
373 51 41
453 280 24
312 315 31
307 582 9
572 397 17
297 257 15
253 293 39
320 516 18
565 482 15
145 91 18
237 445 14
210 167 21
229 273 19
201 76 9
194 216 13
355 210 17
439 516 24
219 272 18
51 194 20
33 249 7
182 501 34
596 48 20
301 331 28
160 280 21
358 240 17
349 450 22
212 414 18
377 63 23
235 588 14
249 468 12
162 497 24
500 351 16
177 416 16
107 584 33
25 369 27
64 298 8
60 273 11
323 208 20
132 520 20
142 582 18
576 257 20
209 486 14
230 329 13
363 300 29
104 270 17
157 220 11
233 347 46
388 543 27
255 274 20
182 6 17
16 599 10
177 237 27
583 315 32
336 593 20
180 66 16
186 312 25
286 434 -2
201 384 -6
123 268 23
15 499 16
36 7 15
532 299 14
28 548 23
369 355 13
43 89 20
494 424 9
353 557 27
223 414 19
186 288 28
469 398 22
131 590 13
320 504 32
364 236 27
478 297 26
533 353 27
354 326 16
323 102 12
264 391 24
515 51 32
223 529 16
393 516 17
34 459 19
378 571 16
315 311 33
18 518 24
68 248 21
99 377 16
112 131 17
329 197 7
455 349 19
496 291 25
368 212 23
33 354 13
217 580 27
79 54 15
179 75 0
77 109 17
460 279 27
96 556 5
421 480 14
496 570 3
224 196 13
4 55 19
584 193 19
187 64 22
554 214 5
190 339 17
121 343 12
579 121 24
147 143 19
149 382 27
447 461 16
570 250 25
245 332 7
518 14 15
294 0 17
361 383 38
280 142 19
534 200 17
361 39 28
327 91 18
217 532 20
372 65 31
130 171 0
235 156 22
537 464 10
38 444 27
68 444 22
522 134 28
43 25 -3
156 14 25
128 316 18
237 577 17
450 237 29
1 343 29
248 562 13
210 285 19
402 58 14
423 337 15
303 544 11
522 436 10
569 49 10
412 20 6
522 506 10
525 92 7
322 533 22
10 77 25
153 284 7
360 337 19
115 425 29
242 317 12
488 391 13
45 9 1
406 360 20
242 509 25
73 576 21
400 187 12
139 58 28
107 362 23
94 293 17
538 197 17
263 424 14
328 332 21
429 381 10
220 258 16
554 487 16
515 96 22
491 214 30
559 224 12
146 506 24
344 407 17
49 503 21
274 428 6
286 576 27
254 179 11
89 522 20
167 356 0
261 160 24
320 207 18
541 336 18
327 251 30
184 330 31
276 514 23
552 453 22
321 432 28
166 189 30
243 115 22
15 198 16
49 411 14
547 118 33
178 275 19
498 174 13
329 310 23
87 201 16
250 458 17
135 508 19
499 184 6
72 388 27
278 9 24
460 330 4
411 34 23
157 450 29
440 408 22
96 350 15
330 68 27
268 575 24
263 559 16
555 56 13
461 599 11
12 11 29
18 581 22
339 180 25
510 189 6
111 553 23
552 170 17
331 213 24
111 299 13
167 408 16
210 306 22
582 485 14
417 292 25
131 183 21
231 127 36
534 121 31
34 68 34
24 546 26
491 118 17
297 275 13
36 297 11
260 245 34
226 506 22
350 94 27
227 498 20
566 116 9
462 523 19
349 319 10
462 147 22
105 275 19
76 260 33
192 135 12
382 453 13
97 478 30
157 33 15
149 245 22
201 583 10
167 375 17
504 136 29
473 460 38
135 526 3
186 85 23
246 256 19
218 391 19
592 121 25
444 307 22
138 380 15
132 221 22
553 438 21
51 41 14
301 54 28
57 556 13
424 293 25
352 274 13
479 59 35
136 269 13
361 492 22
352 244 14
593 14 0
204 160 24
122 400 35
477 321 10
274 28 26
95 524 12
353 321 22
237 132 21
273 80 24
9 90 12
284 75 29
2 539 30
475 115 13
286 387 19
564 213 18
344 434 18
94 488 15
578 263 20
295 370 11
139 197 28
598 407 19
506 267 24
133 444 16
142 115 24
598 416 18
528 29 26
161 53 13
592 350 24
588 342 34
156 188 18
81 104 -2
11 223 14
181 372 15
107 497 20
213 187 17
560 254 24
321 222 13
349 146 4
68 518 20
88 343 18
288 498 32
515 296 11
250 155 9
372 381 23
409 114 26
282 313 14
399 546 22
319 228 21
143 562 30
218 566 23
391 532 13
30 69 21
85 495 21
63 60 11
529 359 33
240 161 12
253 537 16
489 323 28
286 111 16
2 433 21
95 494 18
289 535 17
492 547 25
389 558 29
28 284 7
578 573 18
116 179 13
456 505 13
405 84 31
479 34 19
208 446 12
226 409 21
257 391 11
227 266 18
49 315 15
204 391 4
368 171 20
493 304 31
195 46 14
60 42 13
272 226 26
290 362 13
564 214 14
575 24 8
90 182 20
286 531 5
461 312 23
439 208 21
370 519 26
56 387 29
523 159 7
506 16 12
140 38 18
185 133 12
495 487 22
207 378 25
540 457 16
444 342 23
433 243 34
232 212 13
377 374 23
501 328 31
7 182 17
319 295 15
591 274 22
231 422 34
83 227 21
142 218 28
314 474 3
131 216 13
392 466 37
271 175 27
141 403 15
220 162 18
576 261 10
25 146 0
557 146 34
156 133 16
561 167 12
231 114 4
18 578 16
221 178 17
551 1 33
255 54 22
122 283 16
531 274 18
93 317 27
513 382 12
468 440 23
12 93 25
177 260 25
520 32 23
495 213 30
528 131 12
248 417 21
7 553 30
309 137 35
520 238 22
195 551 19
91 54 24
356 159 22
274 393 9
281 137 20
528 216 26
145 85 24
362 101 7
464 165 37
39 407 9
43 486 31
50 379 26
16 94 19
412 323 15
544 167 15
596 315 21
527 106 18
152 78 7
560 189 19
427 437 24
290 141 27
287 32 25
271 300 9
386 346 21
90 291 28
259 88 22
542 368 29
107 490 7
411 281 26
509 145 22
90 111 18
328 271 25
549 540 34
145 177 35
578 436 16
276 399 24
224 381 40
372 373 7
450 438 24
582 432 25
348 154 21
416 437 23
50 321 31
399 320 2
187 378 9
323 522 18
134 127 19
344 227 28
252 241 14
102 574 20
192 56 15
442 220 26
369 484 35
437 523 25
510 171 16
176 204 21
590 377 10
137 226 34
328 112 29
353 245 19
408 548 19
219 281 18
18 531 26
267 194 14
220 541 27
344 142 14
487 417 22
287 274 26
222 506 14
367 285 3
534 128 30
396 551 3
89 373 21
557 399 -1
338 167 32
420 388 22
494 355 15
65 272 25
123 333 20
206 10 17
178 58 32
179 157 22
533 464 6
82 478 24
298 379 38
286 45 33
515 228 17
275 165 20
51 111 15
353 405 20
598 64 9
123 153 26
363 478 31
524 82 5
305 128 19
449 527 9
337 93 29
377 577 42
542 389 10
381 100 30
385 133 23
315 599 18
519 4 30
498 590 27
345 41 10
553 161 21
547 138 16
487 43 37
250 434 12
551 375 34
175 308 19
542 140 15
306 485 25
577 554 41
577 365 17
482 419 20
169 294 20
290 122 26
417 251 35
389 238 22
89 252 26
39 229 16
254 272 18
351 128 25
146 383 19
340 560 20
305 516 5
192 253 32
97 597 15
244 326 19
0 147 32
514 310 40
479 474 16
478 572 3
535 439 29
487 561 31
596 138 21
305 520 28
80 64 3
172 188 20
40 104 13
365 289 20
217 425 46
99 198 24
76 535 13
414 588 18
388 4 22
90 365 21
381 303 27
4 462 19
540 512 21
449 149 19
3 137 39
35 434 21
331 422 32
21 138 8
489 221 16
180 151 25
11 591 15
262 152 14
442 348 19
236 519 11
472 458 14
41 190 24
233 495 24
26 520 45
299 10 24
581 326 23
223 565 14
516 463 9
439 525 34
129 165 28
265 278 20
126 1 30
363 105 18
583 561 11
396 412 17
109 498 14
397 248 15
314 572 26
131 544 10
12 485 33
345 251 13
441 550 8
174 227 20
509 397 12
296 275 17
212 39 13
466 234 21
557 493 23
311 14 24
94 223 24
509 329 21
203 513 17
41 172 24
298 291 15
85 131 21
529 448 23
401 270 25
508 338 27
408 111 33
355 462 22
7 148 26
527 451 23
462 542 25
27 518 27
368 34 22
43 391 7
330 350 21
473 326 20
86 441 19
246 376 9
350 497 33
396 389 14
302 430 18
121 555 12
165 239 28
163 318 28
494 186 17
460 81 9
208 173 22
501 182 24
306 3 20
493 525 19
369 52 23
362 212 26
570 275 0
559 518 22
124 245 11
128 491 14
151 42 23
139 335 25
291 142 31
330 7 12
235 228 11
40 453 24
434 259 22
459 462 15
591 164 18
337 560 16
458 311 9
394 28 14
509 558 31
192 274 37
466 404 27
133 170 18
464 319 14
247 313 26
75 128 17
573 233 14
265 447 8
189 237 13
464 588 11
220 54 13
94 376 12
73 595 19
184 98 15
396 66 11
465 339 27
514 427 19
114 113 16
137 382 18
527 142 23
102 403 5
373 359 26
459 411 22
59 26 12
77 425 27
546 56 6
495 30 24
556 291 32
82 296 16
408 425 6
567 422 15
490 158 13
73 336 23
357 309 27
526 259 24
290 272 13
76 195 20
63 102 16
398 249 22
568 297 27
150 143 26
269 239 24
454 166 20
374 398 35
306 484 23
363 331 24
17 401 10
362 60 19
571 6 35
40 316 25
130 152 23
356 294 0
379 61 16
40 249 7
404 237 17
372 493 18
473 358 23
177 99 35
527 566 17
555 412 41
291 27 20
354 430 24
41 391 16
89 583 27
495 560 13
147 479 17
123 42 46
319 387 18
66 377 28
57 215 25
530 563 27
432 288 25
479 187 29
446 399 19
188 245 12
135 590 20
51 309 27
396 311 9
369 376 10
542 178 28
244 264 25
170 117 -1
356 582 23
44 74 24
428 398 16
462 468 30
79 21 26
259 520 24
472 169 9
536 251 17
48 543 27
18 180 33
171 475 35
550 471 17
43 574 20
203 491 17
43 160 22
392 400 10
113 508 17
98 448 33
373 232 29
197 530 7
318 322 4
176 282 31
233 99 24
236 434 16
195 271 -3
582 569 10
222 16 8
334 132 19
435 256 11
44 544 10
50 422 11
222 8 14
5 560 16
253 181 12
338 147 11
240 338 12
94 112 26
414 419 18
438 471 17
150 211 25
576 534 26
61 446 10
59 60 24
538 26 25
124 546 24
580 474 28
224 324 20
473 173 16
581 430 22
2 108 14
384 109 18
68 142 21
475 296 18
205 442 20
586 324 3
475 403 23
57 109 26
593 140 17
342 219 11
427 182 23
397 471 23
142 287 23
51 68 15
44 310 23
36 564 22
552 496 18
434 328 14
100 186 28
411 29 34
238 69 34
538 214 14
307 395 3
251 297 24
251 524 30
260 256 20
577 435 29
548 72 15
550 387 30
434 244 19
128 107 28
512 509 12
36 5 20
367 446 17
506 21 29
123 150 14
30 281 23
100 493 13
225 473 9
201 317 9
67 589 4
300 90 13
393 344 24
27 136 14
320 431 21
131 236 17
225 404 26
135 445 15
493 119 29
309 546 12
397 417 23
152 467 17
356 167 19
232 112 20
37 169 21
90 575 26
333 35 14
3 336 12
485 136 32
427 78 14
421 384 28
474 261 28
28 264 15
100 571 17
573 177 28
514 599 24
213 461 19
561 298 18
393 581 27
408 341 16
98 52 6
238 428 31
43 474 21
570 130 7
154 504 28
182 330 18
104 354 32
592 530 8
518 85 21
406 116 23
104 306 20
305 557 18
235 343 15
310 274 24
538 137 21
485 209 28
278 365 10
258 44 15
182 269 24
42 493 14
358 172 18
276 394 14
425 543 11
349 365 37
460 203 26
398 487 14
405 300 27
194 172 20
83 229 6
443 293 2
434 190 15
139 586 19
221 39 33
314 558 28
350 243 20
405 406 31
329 198 22
262 441 26
591 255 15
584 232 11
72 383 13
373 390 30
375 479 23
530 76 30
88 438 19
553 5 8
326 189 3
563 163 29
229 519 15
313 121 13
160 348 11
488 378 13
470 162 16
239 453 12
0 285 23
359 539 23
455 431 15
483 63 18
424 504 24
167 12 20
41 48 9
24 566 8
561 205 26
79 177 13
163 191 12
141 64 17
202 81 23
214 549 21
264 293 5
176 216 9
298 470 16
30 75 6
144 12 9
505 436 17
272 387 24
0 246 13
47 44 18
41 476 18
180 141 11
424 156 27
148 464 18
173 500 28
47 444 18
235 155 8
225 120 29
463 316 26
576 418 33
351 111 27
85 358 34
588 244 21
521 15 16
257 374 9
430 478 19
39 315 28
425 195 18
563 410 16
11 129 18
46 137 19
213 0 3
34 24 12
106 301 37
374 22 3
332 385 -4
339 459 11
66 464 18
461 409 5
553 122 15
588 568 33
591 226 27
373 423 23
512 164 14
253 272 15
403 36 14
68 238 23
542 555 7
117 557 32
546 90 6
382 81 36
240 86 2
51 380 2
69 214 30
561 504 16
209 212 13
360 581 7
88 5 21
79 181 25
228 569 11
421 31 16
275 157 13
31 16 14
389 106 22
329 427 17
415 90 32
393 556 3
313 595 11
476 575 29
315 473 21
219 154 32
240 472 10
487 68 27
527 510 30
576 338 5
465 108 24
171 292 2
545 138 13
54 307 2
92 340 26
358 15 27
395 372 24
52 340 23
198 59 14
456 11 25
273 14 9
221 583 38
519 458 28
105 21 13
223 80 6
201 130 28
465 314 21
79 97 18
415 595 22
485 594 8
438 547 17
457 51 16
145 254 13
549 591 5
436 355 4
100 285 24
500 384 14
212 538 9
10 189 35
119 565 25
545 363 16
32 268 22
86 462 22
262 513 31
25 417 12
176 424 25
556 421 22
167 582 13
72 377 22
329 515 35
16 475 16
546 176 19
101 164 26
369 229 9
274 197 25
324 230 26
195 151 18
552 3 6
252 277 17
140 371 6
568 59 24
310 300 27
375 21 15
444 145 16
132 489 15
65 320 20
447 488 13
145 20 32
366 19 19
258 128 30
167 505 20
292 550 32
442 413 27
73 333 25
124 398 5
208 176 28
206 180 26
417 202 20
54 342 17
387 224 16
546 359 21
444 178 13
384 292 23
151 226 21
520 361 23
113 283 33
460 461 8
303 80 15
323 428 26
438 19 22
215 406 16
423 288 19
239 25 20
181 95 14
498 157 18
96 258 15
70 75 38
564 599 33
255 450 14
5 90 14
169 224 11
453 495 21
17 359 16
31 352 -1
372 432 11
436 219 30
360 529 23
450 476 33
254 372 10
171 170 18
51 511 36
41 100 31
55 420 9
385 390 29
384 27 36
342 31 19
375 435 19
514 559 25
548 63 25
21 104 10
265 31 28
459 281 23
17 24 18
543 477 14
293 373 24
301 90 16
406 581 37
268 321 12
383 399 22
395 75 20
232 96 27
288 379 11
384 94 8
306 68 19
273 319 25
142 185 16
147 230 29
402 157 18
450 507 27
270 135 10
267 45 11
42 92 13
555 36 13
347 383 16
121 564 27
121 584 27
143 304 16
424 48 12
388 87 17
369 511 23
557 9 18
15 259 10
81 358 32
562 423 27
376 222 17
250 141 25
124 17 24
152 304 21
11 304 9
167 52 28
438 568 12
73 374 11
222 349 23
207 495 5
40 15 0
343 65 9
278 138 17
52 177 27
413 500 12
4 149 28
438 249 11
542 17 16
406 440 15
55 27 25
281 401 21
21 252 15
555 308 10
217 166 29
371 554 13
69 357 20
368 14 21
373 176 27
556 31 19
567 374 25
443 180 22
12 514 33
26 86 20
54 72 7
97 17 16
210 37 8
403 226 30
573 417 10
11 121 24
489 584 14
575 545 18
318 532 18
430 83 9
123 428 13
451 342 23
508 577 45
435 456 19
126 372 16
324 66 22
156 55 27
240 376 3
590 24 25
534 169 29
240 320 17
181 20 7
174 162 19
66 157 20
375 203 24
480 249 9
142 18 18
7 418 15
1 145 21
372 68 19
403 585 17
137 238 26
107 424 27
173 175 6
437 551 23
449 468 14
192 588 5
305 250 11
299 324 2
154 358 26
53 126 19
237 371 20
173 119 20
433 557 22
39 87 5
106 442 27
565 279 26
331 316 19
340 130 31
85 84 19
596 182 10
20 395 12
485 142 19
91 28 11
216 81 24
50 313 22
60 503 17
485 14 19
192 460 21
543 403 31
303 83 25
312 480 17
165 382 27
402 474 20
174 82 23
331 453 20
337 353 21
586 315 13
381 595 24
205 379 17
75 365 17
406 226 16
339 164 14
435 303 24
419 484 29
222 104 10
68 43 2
365 447 26
152 15 26
445 20 18
271 317 19
415 35 16
258 199 13
541 325 30
139 150 24
227 579 24
407 200 13
280 531 14
156 403 16
20 456 26
477 567 22
434 533 12
571 312 17
509 354 22
595 58 31
404 549 22
404 498 0
383 338 27
167 27 19
97 60 27
383 518 22
438 88 4
0 592 20
308 448 27
34 559 30
259 158 11
421 525 42
498 298 31
476 159 31
508 72 18
275 582 31
5 262 2
363 17 7
599 27 5
526 84 31
366 507 38
201 354 22
424 81 -7
116 381 18
133 244 13
144 532 19
469 599 12
516 566 19
318 267 10
365 432 18
248 176 34
310 90 37
121 113 9
213 227 15
449 223 32
280 26 2
428 56 13
244 433 19
159 7 24
534 495 9
170 1 21
591 593 8
578 391 9
242 311 11
449 347 13
39 525 22
188 377 19
285 119 26
39 338 15
331 564 20
217 329 10
572 534 17
127 162 32
192 162 31
472 504 10
144 331 21
499 298 19
107 139 24
491 0 33
187 66 21
463 224 16
242 576 6
432 22 9
227 8 27
382 187 14
83 153 29
300 220 9
277 161 17
590 124 10
116 369 5
79 129 4
158 223 33
30 381 18
72 433 7
10 176 18
388 336 27
568 143 19
444 542 9
113 200 29
414 63 9
422 347 10
31 411 14
510 50 10
522 26 11
316 345 22
512 46 13
315 510 14
199 60 25
195 201 16
221 595 15
463 95 15
356 249 23
202 306 30
312 582 24
339 442 21
457 301 18
123 79 10
519 137 12
365 191 18
119 483 17
449 154 18
162 404 21
114 298 25
344 121 28
479 536 12
268 256 28
282 459 11
504 582 12
95 132 11
419 555 14
190 227 29
56 335 21
90 557 39
105 383 10
373 517 14
480 45 27
432 315 21
96 495 27
208 36 19
108 507 24
593 49 28
572 390 15
134 227 14
41 146 27
31 566 34
236 49 30
260 122 10
53 399 14
580 386 23
234 259 23
527 204 22
187 382 21
442 412 7
247 197 14
488 66 22
289 548 18
340 390 34
285 531 17
156 117 12
279 269 23
245 370 21
8 84 30
419 325 17
442 566 15
414 283 18
439 72 11
105 462 17
397 162 32
245 518 17
93 269 7
265 482 21
157 50 18
4 5 10
286 200 17
145 250 15
276 73 30
461 432 29
251 27 19
382 39 20
116 106 24
90 546 30
481 548 22
388 549 14
136 350 25
285 82 24
51 257 26
227 389 33
255 554 16
160 363 26
419 590 19
288 360 31
87 520 23
73 74 18
236 338 18
424 517 20
197 309 28
345 460 21
120 576 14
183 200 16
248 494 26
425 460 19
511 277 5
402 235 3
6 570 9
551 500 41
156 248 16
301 174 16
255 190 22
22 397 24
256 469 37
402 139 28
177 239 29
96 7 18
207 497 17
28 65 7
137 489 13
256 483 25
481 384 24
525 17 11
320 24 12
576 537 28
115 246 35
415 492 15
18 97 24
116 73 26
186 496 18
246 257 32
142 319 17
326 497 26
304 14 7
489 10 19
36 147 29
363 443 7
415 116 31
303 142 22
563 338 22
248 586 42
167 517 17
412 57 25
211 9 24
546 486 25
126 308 5
589 431 30
12 174 16
360 292 29
486 568 24
178 517 15
400 472 21
457 222 25
436 523 23
168 246 31
25 570 28
130 507 15
496 261 28
190 263 27
218 386 10
323 174 8
125 566 30
467 149 15
134 58 11
473 348 22
438 63 24
332 180 16
471 362 25
236 354 26
86 144 29
466 489 30
136 250 29
465 571 30
438 578 16
169 209 6
19 420 3
263 137 21
92 444 24
529 203 18
258 146 31
291 157 31
22 93 19
278 116 19
58 131 26
340 593 18
585 300 23
349 379 11
506 232 21
58 333 19
189 122 26
56 284 20
76 125 26
443 200 12
436 184 34
248 321 15
91 177 28
415 29 5
355 247 19
293 197 7
380 372 32
481 489 20
561 211 22
376 461 13
453 3 11
47 343 21
271 141 28
296 265 2
563 532 10
264 133 20
238 389 16
267 357 14
511 395 24
386 134 13
580 232 30
405 71 14
550 200 1
556 221 32
27 410 14
463 373 26
336 477 19
379 511 22
182 500 18
253 580 30
142 42 23
414 505 25
575 6 9
175 130 24
309 408 21
484 135 26
49 585 28
413 328 7
374 539 19
247 559 17
402 351 24
106 168 22
361 108 28
307 33 5
286 17 11
408 37 17
445 29 23
428 506 14
156 246 19
242 8 17
595 72 8
169 215 15
382 190 36
352 205 7
191 239 21
583 161 19
131 561 33
417 177 12
280 97 17
431 521 20
65 184 33
309 393 29
332 12 32
32 474 35
96 543 12
569 21 27
550 573 2
2 72 16
148 494 23
240 315 21
146 356 22
480 166 9
83 571 37
226 181 15
578 201 12
103 567 23
535 182 23
149 354 5
362 477 27
159 569 20
564 1 19
270 550 25
282 544 20
286 44 12
159 403 15
304 191 25
416 333 24
42 442 19
594 535 19
446 324 29
211 8 11
557 176 26
55 596 12
155 492 9
446 478 12
452 558 31
320 318 28
247 444 18
191 245 13
206 519 23
113 453 31
378 393 29
526 365 13
256 248 19
367 130 15
336 225 19
439 87 22
50 381 9
419 269 17
440 15 30
76 46 21
460 121 19
495 296 27
559 391 11
201 210 26
489 52 29
166 333 9
336 203 15
569 322 22
142 90 21
345 599 16
111 399 16
61 390 18
201 485 7
209 589 20
459 80 13
497 136 19
312 116 5
107 33 22
211 505 20
471 8 25
242 113 20
15 523 40
94 512 14
137 359 11
246 339 13
530 500 17
593 25 13
114 540 26
426 381 25
460 19 13
387 561 10
132 112 29
499 139 29
314 580 37
477 291 29
75 194 19
264 149 14
599 217 20
592 64 3
516 42 30
455 131 21
172 286 24
325 208 9
136 171 32
136 2 18
421 29 13
43 366 21
432 581 22
592 429 15
219 221 16
486 339 20
128 345 20
427 234 13
535 509 18
355 389 29
216 522 18
159 197 30
48 359 19
275 127 23
522 456 9
337 97 24
579 183 19
330 52 29
169 377 24
318 131 24
324 81 24
251 253 20
570 28 18
246 145 27
218 503 10
361 411 22
285 148 17
85 69 26
294 93 21
254 334 28
584 551 24
38 287 17
314 450 22
174 301 21
548 429 23
161 198 15
416 352 22
38 491 16
396 88 15
564 333 19
570 46 33
398 352 28
171 12 18
512 450 28
294 328 15
580 318 13
187 564 13
519 546 17
104 290 8
459 283 15
83 406 14
185 174 21
488 292 11
460 391 31
173 486 22
516 43 8
241 271 30
259 448 17
263 301 5
388 32 25
378 231 20
163 45 22
205 39 17
497 249 2
135 416 19
51 312 20
287 79 7
492 465 9
351 133 21
585 81 18
16 181 29
336 390 28
526 17 17
73 144 23
270 377 13
179 366 17
72 550 24
327 158 31
204 438 27
57 473 14
80 490 31
205 276 15
201 106 24
534 597 6
37 272 21
101 65 27
263 241 15
579 459 17
268 496 1
322 0 34
572 524 31
263 77 10
456 31 9
364 109 23
397 221 20
573 137 12
236 9 25
255 475 6
563 546 26
340 579 22
49 505 6
373 461 21
166 173 20
137 259 21
473 421 18
492 493 12
61 20 7
143 235 30
370 348 24
155 21 19
160 168 32
423 9 34
226 345 22
485 481 26
165 393 25
509 141 26
312 126 22
187 331 20
596 204 2
541 248 16
317 223 20
53 566 11
289 558 5
428 107 23
133 525 21
343 514 27
303 382 16
144 5 30
476 382 17
38 185 13
500 499 23
130 435 23
325 257 18
231 175 -4
140 27 20
300 142 19
344 80 20
33 370 13
131 201 21
161 113 25
260 276 39
525 257 26
311 202 10
20 495 30
329 346 22
274 31 29
176 79 23
278 29 18
94 517 23
317 397 13
521 369 23
328 508 21
407 253 16
137 12 17
320 354 20
467 67 18
149 519 15
460 204 14
205 98 30
503 179 25
348 599 34
233 278 32
279 417 16
51 103 25
