500 5000
96 238 13
320 118 11
204 93 3
425 394 31
231 35 23
288 183 15
465 123 27
47 230 16
489 114 18
316 298 34
90 27 15
403 293 15
361 434 29
207 360 14
182 416 28
373 25 30
398 287 16
491 262 32
39 466 35
284 458 9
150 79 26
199 125 10
309 266 7
137 195 32
280 234 13
158 444 18
330 75 24
0 191 30
345 157 21
1 78 11
89 45 28
69 104 20
85 29 16
413 384 19
24 239 22
456 241 9
195 72 19
153 253 24
17 302 15
481 162 3
49 259 27
320 490 26
324 53 23
156 82 13
70 409 26
208 255 15
22 359 10
129 434 11
151 143 25
457 426 23
66 482 12
313 43 1
49 492 25
152 54 19
419 371 11
177 388 15
269 302 25
0 292 28
377 409 19
309 112 11
106 73 25
75 154 25
182 190 26
54 21 21
174 250 15
453 394 13
397 173 18
422 75 28
332 272 24
312 432 21
197 62 27
341 164 35
267 129 40
0 489 23
100 73 20
457 247 31
265 382 21
354 319 14
228 352 9
410 110 17
443 303 16
287 69 25
77 215 17
355 273 25
354 432 30
27 310 11
332 147 11
439 467 12
286 373 21
354 111 29
385 316 11
379 486 10
50 311 24
464 363 20
199 136 20
151 351 25
14 203 21
30 451 2
66 322 18
289 229 30
7 126 33
302 484 29
469 174 26
332 6 12
51 497 22
118 366 20
343 398 15
354 214 23
53 464 20
70 181 28
140 427 15
309 92 18
108 415 19
312 19 19
480 346 11
312 64 23
276 389 14
344 113 23
496 142 13
223 426 13
236 92 19
33 151 21
468 81 24
92 205 19
424 287 24
375 236 19
122 186 12
298 449 15
157 169 30
417 181 17
46 63 19
34 460 33
404 42 16
204 296 9
276 141 24
377 100 9
301 485 24
484 348 20
0 82 9
443 12 21
351 234 29
104 3 9
403 60 33
302 124 18
7 81 26
110 203 26
234 336 20
490 393 15
453 395 23
462 413 9
32 145 6
29 209 -3
11 214 11
244 109 24
263 172 9
113 374 22
161 253 16
51 256 3
127 29 20
91 486 17
161 233 14
472 90 7
399 8 33
486 380 26
190 486 16
103 263 17
126 18 20
197 406 23
191 106 29
122 290 13
124 419 18
459 422 36
364 148 22
202 240 15
439 59 22
205 9 13
228 260 24
413 369 9
113 131 15
286 468 20
256 6 16
217 486 23
426 471 16
355 445 20
1 117 8
307 214 8
448 104 28
381 190 30
365 51 27
269 117 27
259 90 10
396 424 10
45 443 17
242 304 18
493 163 30
9 390 21
313 379 14
236 143 20
425 221 6
477 3 17
342 266 11
189 367 4
288 342 24
336 109 10
424 385 22
34 88 5
86 395 27
114 198 21
64 20 31
155 273 16
238 17 26
251 326 19
68 229 28
254 378 28
119 464 30
214 296 24
260 417 32
471 50 14
134 496 17
49 196 18
85 226 18
126 441 23
279 22 24
419 114 20
467 481 16
423 120 19
116 228 25
400 37 21
296 269 23
347 338 32
68 45 15
41 110 24
155 32 33
71 72 11
338 315 26
171 205 32
282 235 8
151 492 14
381 73 19
267 115 22
54 41 11
212 399 17
214 461 27
208 372 19
139 19 25
2 481 20
118 266 5
447 433 8
328 210 26
388 264 21
199 429 16
247 118 31
345 129 8
279 44 22
186 469 16
148 267 32
61 349 12
417 62 12
382 435 15
427 473 25
154 39 17
475 110 21
67 328 20
329 61 32
324 242 17
204 314 16
376 437 25
390 357 24
289 203 9
86 402 16
369 453 33
296 34 37
12 4 10
239 108 20
186 235 21
267 138 32
216 452 21
87 320 16
171 294 33
262 386 13
306 15 29
143 61 15
33 21 23
145 216 21
157 39 23
335 408 18
420 403 22
267 17 24
202 191 4
258 322 14
55 361 22
122 239 29
199 497 23
301 425 15
188 279 17
322 452 20
85 162 23
349 327 25
368 125 12
483 232 16
405 207 35
474 110 24
216 449 26
458 417 27
99 357 18
396 333 19
292 417 15
96 203 11
270 365 24
169 290 22
162 221 18
363 44 10
418 182 12
152 109 27
44 81 17
265 86 16
440 241 20
98 135 31
409 356 12
369 252 18
467 141 26
344 450 16
161 417 25
120 369 38
231 102 13
312 77 20
352 32 5
448 412 14
130 208 9
29 228 15
67 16 22
18 128 18
465 234 14
62 191 30
441 396 26
243 391 31
384 52 17
26 10 19
445 114 6
420 491 21
148 191 16
314 225 25
373 421 9
57 369 15
315 131 12
115 214 19
104 135 20
167 336 25
219 179 30
200 487 22
436 191 16
60 368 20
377 395 18
200 110 18
16 148 21
370 456 19
252 374 20
105 381 34
112 418 8
198 231 11
423 393 9
0 255 16
134 358 19
416 339 12
449 149 17
246 261 17
115 259 20
329 479 13
68 398 21
427 259 24
338 363 20
24 452 31
213 28 18
326 131 19
301 386 25
424 493 23
206 12 29
276 202 31
261 169 24
154 350 26
27 252 8
368 171 28
278 107 26
193 151 21
233 432 21
355 382 9
142 234 16
159 415 20
450 10 15
58 377 24
320 386 14
497 433 11
263 345 2
268 60 21
441 241 13
335 499 5
407 491 13
217 342 13
42 263 20
336 308 22
203 218 14
378 140 20
214 250 30
201 372 27
390 207 4
395 295 34
156 112 16
319 416 24
271 393 17
392 464 33
417 351 12
156 393 16
199 373 26
76 241 43
325 55 20
317 479 15
466 69 -2
120 330 18
189 463 6
413 247 21
438 324 16
91 21 16
326 35 14
117 124 16
94 142 26
254 396 22
55 482 33
345 225 28
61 172 23
4 222 12
423 304 18
285 376 18
483 341 38
222 379 13
471 489 20
393 73 33
420 319 10
341 374 27
403 408 27
368 183 28
55 494 19
74 258 18
88 150 23
414 34 24
282 224 11
166 211 12
147 226 9
255 15 25
187 310 18
351 334 11
178 487 23
476 240 3
89 169 15
112 237 12
121 80 14
350 290 33
47 179 19
192 115 18
370 416 36
17 10 35
495 320 19
463 31 28
331 205 13
406 162 22
370 337 28
376 86 25
104 363 15
224 348 32
398 87 19
175 32 4
141 315 17
248 334 22
184 356 11
180 393 18
145 291 23
166 196 22
276 274 21
281 100 21
242 438 21
392 323 6
256 317 19
175 127 26
255 272 12
60 238 29
238 273 22
426 306 22
118 285 12
134 472 23
89 288 22
115 160 12
407 345 36
378 381 20
23 95 25
155 392 23
360 135 25
37 496 13
451 129 30
377 153 13
97 81 15
77 347 30
424 156 20
19 302 24
62 234 29
253 349 17
24 251 11
311 89 27
396 387 13
382 72 28
193 198 18
43 10 10
421 440 20
357 285 22
294 255 7
118 273 21
349 466 17
162 61 32
206 87 27
489 385 26
249 377 24
328 241 17
427 342 27
308 210 18
61 72 6
44 393 16
461 98 30
424 397 21
115 266 22
193 69 19
110 175 9
378 316 4
465 427 25
215 247 30
396 127 -1
396 151 15
320 156 21
396 84 19
210 458 10
406 337 30
131 330 30
433 347 18
349 171 37
216 92 19
48 355 26
73 130 16
248 232 10
306 308 15
19 57 19
449 50 14
206 308 12
72 291 18
71 39 14
221 64 18
131 171 18
97 43 28
461 81 17
288 374 9
305 14 9
50 123 24
426 323 25
226 54 28
260 89 13
201 281 20
394 376 11
146 107 23
200 297 21
46 425 11
294 193 14
457 469 22
201 244 24
288 21 26
339 271 16
193 298 8
126 151 26
389 132 28
255 131 22
178 137 22
39 263 17
83 212 26
453 98 36
334 10 21
24 89 22
390 397 24
447 232 13
382 470 13
71 388 26
56 40 22
298 463 11
373 391 22
129 88 18
143 331 21
270 352 30
0 328 17
384 2 22
219 207 16
443 254 1
3 137 25
310 72 20
13 241 19
105 434 21
20 249 16
363 269 22
484 469 14
437 432 20
63 141 28
403 355 27
271 447 7
277 193 29
306 218 24
492 34 7
406 477 37
222 61 34
492 421 -4
60 248 24
381 473 16
364 410 4
342 369 37
247 56 27
340 214 15
207 146 24
391 285 24
18 129 25
183 45 -2
92 177 32
326 331 10
204 465 12
194 114 9
75 288 15
69 78 23
351 247 4
63 498 11
404 325 20
270 332 24
398 269 27
362 169 18
197 281 29
345 32 12
83 474 14
187 417 6
53 460 15
466 392 22
358 428 24
188 280 12
97 137 15
43 346 9
443 170 18
427 494 16
174 344 26
379 150 9
155 70 19
434 439 19
81 486 28
407 305 6
482 87 28
228 321 19
122 483 20
120 117 20
479 104 16
150 251 2
355 33 25
11 74 4
295 248 24
444 312 20
152 29 28
391 453 9
468 168 30
29 365 18
42 225 28
283 428 31
463 18 18
109 438 8
93 136 17
414 142 23
214 103 17
425 493 36
73 5 30
161 41 23
107 439 24
4 371 14
303 480 18
269 457 24
45 462 15
15 36 21
419 176 16
10 437 12
262 453 11
20 434 12
120 253 1
400 220 32
98 166 18
226 234 11
342 115 18
40 286 18
213 169 26
498 189 22
101 228 26
234 248 27
59 172 6
449 239 17
22 145 16
135 358 11
157 225 14
10 324 23
233 159 15
212 114 17
469 283 23
192 170 15
167 222 27
480 454 7
317 113 1
413 192 21
401 439 10
385 225 7
15 209 18
404 385 20
39 164 9
125 61 20
314 492 26
136 135 34
179 199 22
455 389 16
350 246 23
405 1 18
191 225 29
253 155 21
163 278 5
56 21 9
345 394 22
15 447 29
16 433 12
499 15 17
244 347 13
193 224 29
435 22 28
279 218 13
336 320 16
360 7 28
412 256 15
499 436 18
487 437 25
129 152 -4
453 282 34
223 15 11
301 304 9
467 362 20
324 148 20
110 241 12
142 307 18
413 226 26
136 467 22
359 80 18
354 297 24
370 489 22
409 82 21
168 256 32
410 283 23
361 117 20
34 330 29
248 30 18
213 459 22
22 223 21
142 206 26
432 28 14
226 121 26
58 218 14
70 4 33
157 277 12
101 373 21
40 464 18
258 396 34
421 34 16
402 1 18
381 418 22
206 474 35
411 176 21
156 288 30
245 432 29
59 408 27
361 61 19
97 217 13
238 365 12
46 71 15
14 444 23
158 204 9
465 27 3
355 221 15
456 118 8
256 167 20
42 17 17
426 428 27
32 212 19
74 253 12
441 145 18
135 478 25
143 226 30
424 367 30
335 196 14
314 36 24
104 496 23
150 231 22
333 144 25
188 407 26
141 388 24
402 44 28
240 353 23
326 410 17
219 337 9
123 497 26
423 107 16
465 360 20
283 490 -10
24 63 31
32 316 12
43 188 21
63 161 23
274 497 4
162 478 22
92 449 27
178 57 30
163 220 11
282 18 13
287 250 12
33 84 0
426 80 24
303 254 24
298 283 14
440 423 26
353 461 23
14 61 22
100 199 12
46 25 20
67 344 3
335 103 34
486 115 28
57 372 15
44 0 11
217 266 22
171 371 28
106 445 17
181 26 24
434 258 13
340 308 29
61 247 21
157 424 9
218 194 22
127 92 26
435 443 15
89 48 18
269 186 16
69 142 30
369 100 17
420 239 29
77 497 20
315 9 20
370 220 18
129 0 27
201 419 21
32 346 17
230 419 19
314 439 27
422 329 13
117 20 34
460 417 29
446 460 18
211 23 22
334 320 22
73 294 25
275 16 7
231 335 21
483 481 10
453 124 37
344 115 13
31 423 25
326 62 26
410 498 17
204 202 11
47 439 11
55 398 8
298 112 19
196 474 37
295 206 19
398 318 10
95 409 21
209 56 26
242 464 35
414 60 8
392 111 25
426 268 13
282 371 8
397 198 27
493 393 22
219 205 9
223 423 17
194 249 14
390 392 5
490 93 29
333 166 16
340 274 30
161 124 6
480 191 5
95 346 26
372 488 24
134 489 24
282 216 23
88 177 31
25 81 17
387 440 25
488 161 14
432 449 10
459 54 20
427 48 11
51 265 15
430 489 28
422 320 11
138 348 30
349 153 18
341 356 16
491 240 8
479 220 13
430 289 15
232 497 19
484 395 33
162 30 22
420 324 9
308 58 29
23 90 13
211 399 17
224 279 7
212 449 20
430 166 18
158 431 22
329 287 23
358 19 16
368 56 21
5 465 29
28 354 29
250 20 28
321 127 24
92 29 12
234 89 18
320 20 33
16 399 13
406 60 17
22 94 22
186 380 9
390 19 30
370 379 9
95 212 14
261 368 27
241 259 16
47 67 32
437 234 7
361 88 15
145 49 20
44 91 20
125 252 15
225 472 29
480 428 26
272 324 24
55 468 23
315 13 7
209 297 11
280 214 13
483 301 19
161 383 21
284 0 19
399 486 12
112 160 13
379 283 19
169 116 26
150 176 19
157 199 9
11 171 24
72 40 17
335 135 19
167 405 28
206 186 13
118 4 18
50 73 27
178 447 29
299 443 24
210 205 14
105 463 8
38 397 13
235 205 21
19 120 10
211 169 31
311 411 22
198 365 7
439 304 21
217 198 22
63 307 10
94 247 2
308 407 14
191 142 20
138 120 13
359 100 25
9 404 24
170 378 11
424 12 14
433 20 23
220 1 24
371 123 18
265 53 8
17 196 27
134 141 21
61 56 26
375 35 26
226 336 39
149 398 20
326 60 20
470 419 36
82 485 25
436 50 24
462 298 7
234 459 31
72 110 18
388 310 15
468 455 7
327 52 6
436 333 25
474 490 -4
28 12 23
68 147 22
245 348 38
426 397 26
78 439 18
79 398 17
434 65 22
184 458 25
115 291 11
241 152 11
188 152 18
166 462 22
453 18 28
0 346 10
177 206 18
428 364 24
80 409 11
328 94 33
405 356 38
387 85 22
419 188 22
11 386 23
86 48 13
440 353 28
334 165 16
295 123 24
425 163 18
304 24 3
252 74 17
415 493 9
447 264 22
26 164 12
462 369 9
433 181 12
35 437 22
124 408 32
183 447 24
177 154 11
257 89 15
20 336 9
90 337 33
188 426 8
442 217 14
393 489 30
410 210 18
151 12 17
452 394 14
65 209 31
362 108 22
240 258 19
34 445 26
277 338 21
160 171 16
73 171 27
189 477 14
118 316 22
383 24 31
331 178 17
234 385 27
277 334 26
233 133 26
464 446 19
430 36 19
91 479 12
134 443 18
136 274 1
112 403 6
484 220 8
68 383 34
470 49 27
429 396 12
165 312 20
226 105 17
54 491 17
129 165 19
25 86 15
434 40 28
292 93 19
431 2 15
197 121 8
114 130 23
440 156 10
205 109 19
262 243 18
67 463 10
203 336 21
436 484 13
128 63 23
152 264 5
265 299 30
11 317 11
389 373 29
380 379 18
238 322 19
190 265 19
411 224 16
129 222 24
23 79 21
242 89 18
473 208 26
6 406 20
25 176 7
186 217 5
422 466 29
495 321 28
465 383 13
105 339 6
289 303 4
325 226 22
274 46 16
264 90 -3
300 81 16
21 265 36
168 115 16
92 26 29
96 374 23
232 348 25
211 153 16
3 301 7
230 449 13
322 335 20
334 379 4
154 267 14
242 363 28
160 176 34
10 250 12
417 157 20
160 353 27
263 365 10
328 9 14
455 1 26
154 98 33
294 355 1
438 498 24
176 193 10
17 339 19
284 454 28
147 468 10
232 359 22
332 265 15
102 233 33
353 402 29
473 245 22
298 370 20
365 350 25
226 261 21
17 124 17
313 495 18
154 433 27
297 417 17
383 466 33
22 100 23
214 136 22
73 305 16
406 446 25
295 194 34
370 469 23
436 85 23
380 146 17
427 132 9
408 135 30
202 425 29
355 124 11
386 467 21
65 182 22
78 379 21
143 48 17
317 3 17
198 380 20
431 403 25
66 435 28
363 136 5
172 174 11
241 329 19
52 308 36
16 470 17
475 120 26
400 330 21
266 226 23
461 201 20
258 388 25
45 477 5
327 334 8
51 329 17
198 350 15
412 422 15
224 219 32
40 201 27
411 158 10
306 267 16
285 491 25
368 36 1
58 35 28
140 162 26
174 437 23
484 92 24
188 115 12
127 181 14
97 84 16
239 339 20
375 93 34
324 226 30
453 446 21
136 407 5
132 203 32
136 373 20
338 109 27
371 6 9
439 209 23
434 67 19
206 45 23
391 490 29
422 298 27
249 304 23
61 344 15
444 246 21
26 418 24
186 470 18
191 220 23
219 323 23
353 157 22
261 209 20
125 58 20
92 143 26
361 128 25
351 314 29
130 242 23
26 125 3
489 319 21
297 492 29
296 288 16
322 441 14
315 215 29
47 466 24
335 490 30
183 441 22
459 270 12
204 430 13
448 466 17
455 226 18
401 140 7
453 280 19
80 101 20
256 441 15
107 208 29
390 365 17
147 197 11
276 362 24
95 371 -1
80 453 19
453 71 29
456 191 10
282 393 5
49 17 12
469 336 17
435 118 2
265 44 26
18 122 19
405 44 20
143 110 9
40 36 25
231 214 13
385 192 32
131 226 32
436 423 27
358 310 19
126 403 13
245 292 16
139 173 24
130 126 29
99 139 23
162 114 18
444 399 24
278 276 20
425 71 20
113 184 21
415 121 9
43 381 26
427 248 34
38 190 15
81 233 16
232 13 28
110 331 13
274 439 30
354 240 20
350 406 18
419 368 28
65 340 21
250 60 1
238 444 33
300 385 27
49 266 29
128 227 21
231 41 20
445 162 19
66 462 6
290 192 22
384 272 24
442 131 20
53 182 33
241 150 2
341 337 9
497 404 41
483 105 21
262 354 28
227 375 23
142 76 4
172 93 15
327 67 23
407 337 24
460 158 28
66 365 12
380 77 30
74 433 22
296 333 7
139 174 23
133 479 18
444 405 27
16 371 10
130 137 15
132 463 14
193 125 36
492 477 33
268 147 18
387 480 14
139 227 24
334 130 20
199 301 23
65 410 9
148 140 34
256 87 28
274 3 28
495 368 25
475 265 21
19 498 9
254 98 26
51 252 23
74 441 15
292 346 15
393 325 20
494 82 34
31 421 17
459 81 17
325 53 21
307 288 23
176 423 14
409 469 33
18 80 5
97 308 33
118 368 32
104 288 15
496 212 4
452 352 5
268 169 24
162 388 6
356 413 26
127 424 21
126 399 25
86 311 23
136 62 20
120 154 13
492 113 33
165 307 21
69 206 12
165 269 3
364 497 17
488 283 34
164 299 35
465 296 11
495 370 16
136 36 25
130 383 19
71 428 21
223 61 14
190 305 12
391 442 16
489 222 16
155 74 34
69 317 18
369 14 24
346 163 14
233 406 25
218 30 22
176 90 14
380 178 24
394 148 13
276 368 25
342 43 12
153 271 19
309 295 25
251 68 27
236 169 18
227 419 4
407 430 14
336 49 11
130 375 29
397 336 -1
352 19 13
360 213 27
381 236 11
369 181 21
389 202 6
15 498 17
474 223 23
311 291 17
311 295 14
413 283 31
190 70 15
18 153 25
231 137 19
272 62 19
222 482 13
22 389 20
27 224 26
103 134 24
346 210 17
335 260 17
285 313 13
263 416 8
370 440 8
269 158 20
495 487 20
267 226 20
76 482 31
97 348 27
434 78 7
466 266 23
217 100 20
415 197 10
82 415 25
140 97 13
281 86 14
408 167 14
455 485 20
450 286 20
200 311 14
357 69 21
359 401 22
483 335 16
289 172 16
377 474 31
96 468 9
339 463 20
489 267 27
397 80 28
390 343 23
78 215 28
104 248 26
53 85 18
418 89 23
324 32 28
435 69 20
203 426 23
285 113 15
427 431 17
195 445 26
276 129 18
183 24 12
330 143 17
320 390 11
493 252 21
136 493 31
340 263 25
122 67 10
113 218 22
486 304 5
286 264 38
423 250 19
45 189 19
179 425 28
216 382 11
441 60 16
482 384 14
437 328 26
307 135 5
444 131 13
67 162 16
405 260 21
180 283 14
91 189 27
435 279 9
151 292 22
445 13 14
207 52 20
279 154 31
296 47 30
310 63 32
264 210 16
201 68 17
19 288 24
300 274 24
147 28 30
280 273 31
156 195 10
57 327 22
72 233 34
16 368 11
27 26 23
105 261 17
423 397 23
233 384 12
348 3 14
128 267 5
320 358 21
244 445 16
100 265 30
351 421 25
279 468 21
112 300 33
118 98 25
469 15 18
311 458 5
318 466 22
66 294 19
363 1 28
63 86 13
215 336 10
170 104 32
434 249 26
494 231 27
494 83 5
381 27 9
20 165 20
304 291 16
335 383 28
493 175 8
54 161 28
63 91 23
38 246 12
101 19 5
176 175 22
30 362 27
38 184 23
422 285 17
225 358 34
50 414 12
404 300 18
461 296 15
82 76 26
211 241 7
136 208 23
262 174 23
401 70 22
16 375 10
487 458 12
46 210 12
248 136 30
243 22 27
381 200 19
361 290 26
17 348 26
270 377 26
268 178 26
335 304 23
176 276 12
256 382 20
470 238 9
458 281 14
353 292 23
311 383 17
398 498 12
18 329 4
434 413 11
260 463 22
259 24 37
330 271 16
202 141 10
93 445 11
475 132 25
84 277 22
495 356 19
189 103 31
393 242 13
246 4 28
211 464 25
463 264 28
406 11 21
179 430 17
200 365 33
376 0 25
286 362 25
181 338 3
120 297 18
364 365 30
357 109 25
320 431 18
347 451 23
232 237 24
330 280 20
456 277 14
202 446 26
332 289 17
497 298 10
284 298 14
110 57 24
354 315 21
278 265 24
163 273 25
284 179 14
216 297 28
89 188 28
424 117 33
265 121 17
342 158 25
208 300 16
6 424 29
85 419 17
484 57 32
369 372 19
131 358 21
102 206 30
394 410 44
325 375 25
98 376 20
352 217 23
480 26 12
456 347 26
381 476 23
451 167 21
368 165 28
22 172 16
461 183 7
272 259 25
430 53 21
225 279 20
144 61 6
147 138 16
421 96 26
4 42 39
325 154 13
366 235 25
396 9 40
92 126 14
269 140 15
35 153 32
141 33 7
23 303 15
152 274 21
33 27 27
167 25 24
75 457 4
348 469 18
31 306 15
116 358 10
61 490 18
127 50 18
69 289 29
54 351 21
479 132 16
140 369 27
382 491 30
458 82 2
305 10 25
234 6 22
388 70 25
119 426 25
291 111 22
10 318 28
228 469 14
442 253 34
489 221 8
225 254 25
20 278 29
104 150 16
148 318 29
187 414 6
493 240 13
117 31 5
194 48 21
489 269 21
381 362 27
465 241 18
116 172 32
79 481 30
427 276 26
362 330 24
248 491 15
161 394 20
136 292 25
208 384 9
209 205 14
416 198 20
76 36 27
328 95 19
220 8 20
264 302 12
6 477 16
114 8 27
477 11 17
32 332 29
351 155 26
440 426 18
471 325 30
480 151 25
408 375 19
98 23 21
321 149 19
97 398 22
357 298 25
442 277 23
255 95 20
153 456 26
477 77 27
495 115 15
328 412 4
324 409 26
142 176 28
80 448 13
52 38 27
168 413 13
81 497 17
146 96 22
232 288 22
328 239 21
316 136 17
393 124 13
439 379 24
29 164 13
380 453 13
450 148 19
129 487 24
262 390 17
398 110 32
415 365 17
458 381 16
6 28 20
365 353 31
383 5 20
58 390 12
30 69 25
266 492 29
447 340 31
39 489 12
219 117 23
103 127 19
143 320 25
222 433 24
365 349 20
270 75 14
379 316 30
198 391 20
45 73 12
441 76 25
404 292 15
139 352 22
239 126 21
353 240 17
126 212 28
161 439 18
41 312 4
495 53 25
13 364 19
267 457 18
255 65 26
379 334 15
273 358 18
105 232 28
321 228 21
104 285 30
329 213 37
493 88 12
87 33 28
302 115 29
28 115 25
85 315 38
396 101 22
200 344 27
396 1 18
159 299 16
183 388 26
44 48 23
81 305 28
412 110 18
62 299 6
273 188 5
94 1 36
479 248 37
122 142 4
150 266 15
157 207 17
265 126 19
293 170 25
449 365 30
50 178 21
311 17 22
415 223 23
89 199 7
260 476 24
243 237 24
209 417 26
318 82 8
151 473 25
443 490 39
21 78 18
194 65 29
375 490 23
143 103 11
224 10 23
450 446 36
235 409 23
193 120 24
111 235 18
404 139 28
164 45 21
200 441 11
423 491 17
404 219 28
107 30 15
250 290 19
479 392 21
33 117 19
493 21 1
424 213 16
484 246 18
478 299 35
197 140 16
440 199 22
350 396 14
432 56 22
370 29 18
204 272 21
294 306 11
365 454 1
96 467 13
0 475 3
312 57 20
300 420 32
13 208 17
57 424 14
359 382 31
181 60 20
48 67 17
378 160 26
310 160 15
234 174 11
429 270 27
19 432 6
77 320 29
99 41 32
339 362 16
349 406 13
335 471 27
400 26 31
74 438 27
3 344 18
119 406 37
483 349 11
309 117 24
376 343 25
50 132 15
281 15 5
299 10 28
305 213 19
359 285 21
168 492 14
465 387 24
73 364 19
47 175 23
91 156 37
124 74 19
110 50 16
315 475 23
373 153 32
194 178 16
404 142 17
431 355 24
163 44 15
496 12 21
117 86 13
163 109 23
141 250 7
326 484 20
232 309 18
403 476 15
497 36 34
385 259 31
201 170 12
29 399 20
175 272 18
497 235 21
49 337 21
166 44 25
283 290 16
454 409 12
197 325 23
462 156 21
180 398 17
471 433 18
14 343 21
10 56 30
22 266 7
181 313 14
308 427 26
6 40 7
139 348 15
90 327 20
3 63 15
163 167 29
393 222 28
191 290 11
29 27 27
290 5 23
351 70 27
31 202 25
127 386 26
472 417 14
112 410 14
331 232 23
260 192 29
401 166 24
244 475 7
352 79 16
9 105 23
447 300 13
454 193 22
67 421 16
15 499 27
416 244 35
275 444 18
357 309 25
322 113 25
255 161 10
454 229 32
154 256 33
304 133 17
107 393 18
304 96 27
312 62 38
410 457 26
291 456 10
447 247 20
460 72 14
263 29 31
196 6 16
127 44 24
169 177 22
435 173 13
12 485 36
376 452 31
71 294 16
169 344 17
98 221 19
480 11 15
426 250 23
48 189 29
349 416 10
465 463 27
277 424 20
430 276 27
334 432 12
31 138 15
6 272 33
415 204 26
143 184 24
111 331 25
150 111 25
372 435 30
192 247 11
385 497 36
171 144 8
266 424 13
368 48 13
33 198 22
372 457 13
82 95 23
385 345 22
41 252 6
381 232 17
33 20 17
394 12 6
158 485 18
109 291 28
29 151 11
50 136 10
398 131 18
151 195 28
481 50 19
45 302 18
397 89 24
161 471 26
428 74 11
424 209 24
424 409 19
328 151 27
142 25 25
1 477 22
318 406 14
269 306 41
121 70 16
108 383 25
290 435 28
181 316 29
323 328 6
495 97 29
392 398 29
387 419 21
16 309 8
463 44 14
88 149 21
166 376 8
71 221 22
463 91 20
1 418 19
334 209 29
408 144 5
494 336 17
149 427 16
341 471 17
431 189 20
352 53 17
227 67 26
344 190 26
335 331 19
48 170 13
318 139 21
312 210 16
188 301 11
287 311 14
411 479 24
396 247 7
255 330 31
189 368 9
111 216 12
58 451 13
135 376 25
185 379 16
355 427 23
166 194 2
64 271 13
9 492 22
188 303 16
162 392 19
425 191 19
29 342 14
492 383 14
493 50 14
341 193 13
264 363 26
272 85 21
35 229 15
175 492 17
219 462 6
355 94 26
18 431 21
361 17 33
136 217 16
495 248 18
430 399 8
175 389 5
324 188 23
277 263 21
271 219 12
92 196 25
342 411 24
304 314 15
121 463 16
236 422 26
73 67 18
193 65 16
414 342 7
90 252 15
1 40 28
172 276 18
264 146 19
492 8 25
148 287 30
397 170 19
42 275 22
86 69 18
355 289 5
265 448 17
98 333 39
459 63 27
14 3 22
411 228 14
263 288 10
326 30 24
462 250 20
246 164 15
36 126 14
492 38 28
404 234 23
444 335 31
58 274 25
202 97 20
221 107 29
176 317 23
136 492 24
451 258 25
186 130 20
78 256 18
371 14 9
270 64 24
430 377 7
165 227 21
222 58 19
310 39 14
119 493 19
151 201 4
260 315 16
104 8 19
253 361 15
60 260 29
290 134 22
397 211 20
412 264 12
178 423 17
303 433 14
456 123 30
249 385 18
377 371 27
286 381 30
421 222 30
377 106 22
168 284 21
360 483 32
403 424 16
414 158 12
106 241 14
24 372 22
289 5 26
371 411 23
91 48 27
199 75 21
319 460 19
404 144 12
450 99 11
384 451 16
42 22 21
30 122 23
413 258 25
440 82 13
474 230 26
77 167 20
123 112 28
476 206 18
433 250 19
281 480 14
339 492 22
208 209 36
410 36 19
114 47 15
357 462 19
263 393 17
255 408 25
173 155 3
351 485 15
353 179 12
178 69 25
61 445 22
490 370 22
316 449 15
87 290 28
102 313 20
297 386 29
441 141 19
341 8 4
205 343 16
80 56 35
116 371 21
472 378 19
472 192 9
399 362 16
365 375 21
479 258 13
220 278 16
489 487 31
177 168 12
279 333 26
484 288 17
439 53 10
132 214 31
311 54 18
113 267 29
38 346 12
389 302 25
205 164 11
451 22 19
279 298 17
441 276 18
121 366 11
36 381 32
64 184 24
92 94 17
42 259 11
347 466 18
211 321 24
484 250 12
422 360 24
63 28 12
124 31 11
342 345 16
356 156 17
440 163 22
191 332 25
214 310 9
472 275 4
333 332 33
221 271 -3
10 462 5
487 152 20
444 22 10
133 446 40
200 73 7
178 312 12
328 292 9
182 256 12
447 240 18
96 412 7
471 422 2
129 196 35
127 54 16
360 90 12
351 384 20
52 37 21
69 52 5
183 332 28
337 89 17
229 204 31
410 53 17
319 222 29
33 453 -6
384 323 11
450 102 19
214 480 26
336 174 29
46 133 11
164 498 7
4 251 22
52 168 27
363 76 23
366 422 20
356 430 21
74 419 18
114 126 8
166 31 9
440 387 27
299 247 25
346 305 18
350 126 18
54 408 12
194 30 16
300 79 23
195 150 18
117 403 11
480 126 11
63 493 26
459 230 28
84 403 11
216 420 27
263 24 16
353 190 18
301 197 17
73 0 18
377 122 11
94 432 28
257 369 19
42 426 9
278 189 23
230 262 27
260 465 10
276 209 13
117 18 18
462 254 6
321 32 16
336 304 24
327 264 13
172 3 20
401 232 0
415 116 12
314 377 30
432 266 38
455 2 11
168 89 22
343 34 18
376 493 24
75 409 15
207 464 30
238 391 20
303 385 20
464 460 17
107 246 21
157 117 11
151 320 18
390 137 14
495 497 23
398 128 20
104 235 14
384 344 19
214 268 13
19 289 24
316 313 32
149 426 30
146 201 24
373 335 18
210 348 36
20 307 26
2 230 14
234 175 25
185 59 32
243 490 19
29 236 41
143 195 20
46 211 12
245 428 25
229 259 17
434 236 8
368 498 10
42 442 21
430 87 14
8 425 19
85 356 26
411 442 26
483 167 9
364 407 4
348 90 19
108 430 17
499 7 22
151 162 28
227 208 34
116 192 20
34 55 18
66 431 10
230 475 28
137 40 31
92 283 25
250 459 -2
408 470 34
456 362 37
266 97 15
368 292 22
374 344 40
432 196 34
450 123 23
211 77 22
411 375 11
159 84 10
313 152 26
133 335 20
147 438 8
359 412 22
465 478 22
287 14 16
238 232 21
260 92 13
3 472 18
55 44 29
289 429 21
163 382 16
458 290 2
276 305 23
207 410 24
135 233 17
396 144 26
10 200 13
229 224 27
327 495 17
100 428 9
136 477 32
138 53 16
154 440 34
56 257 29
200 127 23
205 420 34
400 29 13
451 32 21
236 225 25
230 311 20
11 55 9
354 422 24
430 407 7
41 489 21
156 286 21
321 134 28
433 58 28
263 12 18
66 280 27
186 163 7
285 96 11
7 50 27
41 448 24
372 163 17
85 165 16
270 238 27
33 273 24
5 222 26
463 421 16
89 265 23
260 489 19
55 127 23
378 78 21
15 182 28
226 274 25
325 185 24
334 72 10
301 222 2
101 278 18
430 272 17
391 377 20
279 355 15
215 125 12
212 74 21
127 7 22
199 400 16
459 264 16
435 196 19
155 356 29
266 315 10
56 235 20
327 219 22
342 258 18
291 119 21
104 473 21
354 466 9
215 28 9
123 387 13
433 487 32
30 284 22
191 276 22
261 1 15
371 98 22
6 195 26
247 16 22
330 146 14
315 290 29
177 433 12
494 248 14
7 171 30
189 486 29
292 145 20
229 490 16
296 250 19
122 11 30
467 115 18
264 338 14
65 422 25
4 46 22
381 8 11
108 394 31
421 281 12
304 69 21
61 449 16
366 282 16
137 191 21
119 5 30
253 215 26
448 152 9
451 406 19
133 188 14
397 370 21
108 121 8
404 175 23
124 342 25
70 103 13
368 37 18
413 291 21
485 36 25
83 154 30
145 178 25
98 134 18
480 297 18
140 349 25
118 11 12
76 452 27
50 142 21
360 153 16
78 335 15
342 47 13
427 29 33
496 480 16
40 173 35
277 96 7
28 229 22
91 151 23
178 147 33
56 168 27
112 73 24
367 185 19
255 477 24
105 194 18
112 51 13
67 165 24
143 210 7
101 142 -1
118 232 20
490 17 33
431 13 25
57 285 19
437 410 2
204 101 13
228 419 24
326 438 19
104 290 19
93 361 36
174 276 21
9 191 19
305 405 38
442 266 23
186 197 23
137 447 30
37 490 21
29 190 28
343 409 21
175 432 18
465 331 10
241 102 12
228 38 20
110 388 18
417 252 23
199 282 24
81 495 17
483 377 25
97 92 22
386 133 19
287 309 19
422 423 30
343 320 39
100 499 33
102 458 19
232 292 12
326 387 18
266 441 26
261 459 21
387 36 24
345 352 12
192 122 14
202 286 36
303 105 19
458 214 11
118 77 30
186 243 20
29 149 26
363 316 18
125 236 27
2 445 36
35 436 12
250 50 13
401 22 24
98 373 16
289 264 10
277 181 10
316 176 17
12 341 28
358 273 7
21 406 21
68 371 26
87 376 13
418 412 17
442 388 25
461 472 22
85 479 10
363 45 17
275 207 23
222 88 5
248 429 9
284 243 21
451 491 41
230 282 10
327 304 28
80 39 14
472 143 29
80 365 18
165 169 24
15 254 17
491 273 33
105 464 32
475 144 33
278 273 36
182 415 18
94 85 21
119 432 26
122 201 27
66 305 9
488 170 22
57 199 19
461 391 17
96 401 11
355 93 17
294 179 18
111 497 22
18 359 17
37 466 19
368 111 26
465 55 20
480 243 23
484 287 12
86 230 17
178 254 26
462 336 29
115 130 10
484 254 19
369 325 32
296 255 13
227 34 18
239 136 25
99 23 26
368 132 20
343 165 36
178 216 25
288 33 35
497 142 12
19 42 16
51 141 13
398 312 23
386 157 25
8 342 23
297 284 8
333 91 29
254 267 24
33 164 34
140 473 21
150 19 31
385 437 11
247 487 35
386 496 11
305 250 26
104 192 16
3 326 12
310 81 22
333 25 8
44 347 28
104 209 21
160 199 -4
190 249 12
178 360 19
8 131 15
430 115 27
377 64 36
244 489 27
406 197 27
85 187 16
148 445 21
60 213 21
168 267 28
205 237 0
261 438 26
428 330 22
81 479 20
239 92 19
400 342 24
455 140 11
75 494 20
203 74 26
457 207 28
208 348 18
41 200 19
211 58 24
484 473 19
372 243 15
20 352 17
419 17 24
317 304 27
206 195 19
444 274 17
247 241 20
471 155 14
20 487 18
124 306 21
232 113 15
372 444 13
53 222 25
428 294 25
33 91 28
2 137 -3
101 276 18
351 344 18
287 427 16
467 483 9
322 84 8
236 145 29
249 122 11
403 495 31
198 492 23
352 93 17
141 286 3
462 56 13
41 201 13
437 296 18
46 206 24
334 356 24
161 380 10
182 395 28
319 260 18
199 461 26
134 240 24
255 315 12
62 94 25
23 281 28
310 478 19
6 190 27
149 220 10
77 370 4
137 43 19
325 220 8
350 105 13
364 283 22
410 425 19
94 126 9
404 370 23
136 320 21
81 448 2
333 428 28
58 78 33
431 275 22
150 30 9
163 135 25
432 200 19
9 474 17
168 73 28
340 65 13
36 156 32
355 405 25
195 164 23
111 479 26
119 471 23
276 397 24
173 139 12
232 47 19
389 78 11
323 181 33
335 160 7
385 295 19
374 250 28
357 327 16
159 329 16
186 44 12
80 76 14
331 357 0
203 179 18
409 438 34
249 273 15
84 489 31
265 165 21
102 301 20
255 444 20
69 223 22
335 308 25
449 301 27
35 222 4
459 274 12
3 343 26
120 457 25
336 477 17
400 349 20
281 473 38
498 148 9
461 54 23
279 172 26
460 401 10
94 285 13
95 482 14
308 416 11
419 27 22
323 456 10
365 443 24
435 456 33
467 137 22
306 311 24
376 362 12
27 146 20
387 87 18
445 423 17
54 242 12
206 49 23
169 185 27
106 321 27
121 496 17
228 415 20
223 190 19
393 221 28
215 136 27
336 482 26
30 455 29
229 410 19
393 389 18
471 285 15
35 379 10
225 46 22
25 388 11
336 40 9
493 449 15
6 123 26
391 250 21
264 145 16
426 248 18
338 181 27
259 361 23
6 452 18
86 46 10
108 32 9
279 384 16
450 409 5
37 38 31
245 47 17
94 455 18
162 269 9
45 416 32
28 424 14
28 478 15
61 423 21
30 474 33
221 311 19
466 130 1
359 493 23
9 460 25
203 247 25
131 362 23
359 393 26
360 410 19
95 144 25
431 196 18
10 317 24
454 81 16
78 354 37
496 305 18
172 238 21
115 228 24
212 408 29
10 274 23
172 445 20
206 85 18
433 2 30
414 105 16
368 471 0
181 35 18
367 10 18
294 127 15
453 23 10
263 130 0
491 457 15
8 177 32
17 193 23
214 341 25
208 492 29
96 336 13
461 386 20
406 271 9
156 287 12
212 22 30
260 140 17
41 237 30
7 185 26
130 157 17
159 169 21
237 334 17
421 122 29
50 345 23
357 176 16
380 401 25
284 173 24
102 176 25
223 251 22
499 438 40
32 184 7
451 236 9
486 166 14
175 266 17
431 220 26
350 390 5
181 430 23
323 10 19
91 181 21
150 289 16
114 456 22
58 213 27
335 153 11
95 384 20
392 322 23
134 324 15
198 268 22
295 492 9
96 77 14
412 333 11
247 40 28
32 458 26
351 378 34
76 415 30
117 68 36
7 139 24
171 3 16
10 296 25
328 135 29
199 309 20
180 394 31
129 481 28
240 350 30
467 462 21
389 405 14
355 108 21
12 202 15
370 99 14
206 249 8
372 269 15
236 453 22
336 411 12
217 298 18
160 148 13
332 37 7
1 6 24
354 18 19
6 99 24
449 112 20
166 264 28
192 346 -4
481 414 28
220 387 31
150 168 17
295 337 21
487 191 12
132 323 38
101 167 12
45 458 40
69 174 14
206 343 31
31 408 29
21 315 17
193 394 11
451 106 28
310 129 2
279 442 36
318 400 22
115 386 25
464 79 20
52 378 11
493 121 35
450 38 26
155 279 24
178 480 23
326 398 14
361 80 26
269 190 25
351 91 34
148 469 28
321 378 18
460 464 27
474 400 23
318 102 16
204 428 34
343 162 28
32 68 26
404 339 23
361 16 12
146 383 16
196 285 17
204 74 18
231 202 21
95 296 24
313 269 26
18 182 15
190 434 23
2 169 15
187 30 12
496 275 13
250 357 25
258 93 13
499 133 17
50 319 30
134 31 26
150 492 26
70 203 20
383 293 25
197 185 4
78 315 32
137 253 20
105 324 10
125 216 10
300 312 25
38 419 17
253 174 17
248 417 20
46 53 16
97 320 34
355 425 17
491 417 25
429 477 24
481 86 37
268 389 17
189 454 20
93 320 8
255 439 5
41 14 20
375 179 10
293 73 28
267 90 24
141 187 29
213 45 18
402 79 17
391 362 13
442 214 19
332 104 15
245 6 11
393 77 21
232 399 21
178 471 14
187 396 22
384 110 26
352 274 21
312 354 18
142 448 17
464 389 19
494 418 19
199 418 24
311 236 8
475 370 23
85 209 17
477 491 19
386 299 11
266 15 23
82 69 21
315 84 27
349 494 20
261 15 13
84 136 24
354 7 17
479 313 24
466 488 18
221 354 14
213 211 17
187 363 20
383 390 14
104 412 3
439 349 26
499 315 29
124 270 23
98 416 16
241 271 18
352 435 32
148 335 11
157 7 20
392 467 21
299 498 12
377 26 23
255 236 30
68 93 19
390 112 22
5 226 13
424 125 25
235 31 9
59 122 20
38 399 16
361 160 15
423 449 8
150 380 22
100 244 19
269 474 19
478 154 16
101 312 15
237 496 18
333 4 18
50 262 12
95 61 24
443 102 20
245 57 25
344 458 20
422 135 26
476 30 16
159 170 12
261 3 18
124 280 9
379 345 24
77 86 10
143 271 15
323 203 35
160 180 15
270 234 28
103 55 18
211 160 29
416 201 19
415 311 20
423 333 13
363 130 11
126 168 26
479 203 18
196 138 29
145 255 12
98 164 17
109 176 9
33 241 22
163 121 34
465 288 25
415 373 17
404 100 11
225 229 28
430 352 17
445 78 9
418 321 7
335 88 12
469 405 19
14 339 22
71 173 26
434 332 10
487 166 23
137 204 21
440 301 13
296 1 23
0 207 18
160 45 13
203 121 12
297 447 23
70 324 13
94 208 16
216 86 17
63 424 15
2 301 35
195 433 4
426 305 23
339 32 20
466 13 22
184 477 9
366 426 22
92 254 5
365 297 24
285 212 17
251 379 23
52 271 16
77 216 28
459 358 28
46 44 19
122 268 14
118 220 35
452 221 16
262 6 29
6 458 16
101 344 33
364 419 29
146 74 15
132 359 30
380 489 26
72 164 29
375 126 20
422 167 12
340 353 23
248 482 15
233 262 16
326 418 29
26 169 10
93 237 9
416 404 22
348 87 21
46 131 27
496 213 11
75 138 19
280 175 38
33 296 16
405 455 17
470 7 20
35 360 13
54 151 31
122 393 22
447 344 24
69 26 19
475 178 20
161 384 20
25 346 13
55 222 29
344 471 21
105 313 34
374 115 16
374 330 15
128 271 37
18 397 13
336 288 38
363 118 24
465 28 30
159 5 16
216 101 31
31 384 21
253 394 21
18 382 29
342 288 31
275 109 20
183 407 10
161 350 18
148 25 18
403 337 22
78 188 20
170 194 19
125 362 6
410 304 35
56 44 15
421 178 10
159 269 19
213 496 24
284 218 13
162 381 18
258 21 25
25 484 24
57 163 5
245 240 20
183 399 30
266 237 22
7 59 8
260 340 41
240 205 10
497 306 24
305 83 15
180 308 9
9 90 12
307 279 16
115 255 7
247 201 34
432 382 19
474 212 31
104 70 14
497 100 20
266 401 34
50 459 24
299 288 22
130 438 30
165 297 19
309 186 20
276 366 9
187 471 16
57 365 36
257 51 11
345 235 14
133 330 12
408 387 26
151 324 14
190 220 15
336 453 26
370 431 28
171 99 10
67 414 27
139 468 17
462 463 22
198 120 14
460 123 5
334 46 14
465 209 19
267 47 16
252 5 26
3 471 20
415 107 25
354 337 17
141 151 25
121 418 30
7 65 32
394 114 29
477 220 12
367 77 33
448 179 22
473 215 26
286 220 24
16 452 17
469 217 27
269 222 25
233 8 14
203 325 22
84 423 13
286 33 20
112 465 27
96 337 30
252 391 25
31 123 21
89 364 25
97 150 12
70 288 20
28 404 34
8 415 17
260 146 7
136 31 29
487 35 30
349 363 26
346 12 21
348 63 9
50 23 29
283 56 21
159 126 23
166 168 21
427 138 15
289 382 15
281 440 15
60 33 18
219 189 15
254 466 21
400 67 21
400 85 31
2 248 19
84 9 20
144 207 22
31 106 17
118 458 23
440 146 24
184 328 22
445 84 10
435 154 27
41 196 31
136 56 31
269 382 24
203 53 22
497 278 39
141 259 6
301 5 17
474 458 6
109 284 8
34 135 24
292 170 25
361 497 14
76 163 21
472 146 12
477 97 26
111 50 19
424 253 15
27 99 27
10 343 39
401 155 2
304 419 11
311 484 30
61 374 21
169 176 8
324 250 23
266 320 16
306 204 27
116 449 25
399 410 20
192 66 21
47 459 12
212 177 16
181 451 20
405 253 15
270 287 20
446 451 22
266 311 13
174 359 23
169 146 16
194 154 11
207 213 31
144 191 23
364 470 21
370 128 9
313 183 18
490 384 35
217 188 24
105 432 31
292 444 11
311 402 21
121 56 24
268 38 23
464 466 23
329 379 10
333 5 35
340 233 16
485 124 23
395 53 3
5 11 16
82 453 18
375 72 12
193 454 27
165 55 31
287 455 25
175 101 28
244 396 24
354 322 14
318 8 11
429 366 9
136 426 5
372 223 16
486 198 24
48 352 29
483 116 21
152 421 13
214 382 10
45 49 2
184 460 19
31 321 14
425 246 19
221 292 21
496 419 2
200 121 26
232 204 15
450 60 19
451 172 29
352 398 35
104 472 12
283 45 31
434 394 28
52 237 15
116 165 22
286 25 5
0 389 16
282 123 24
267 430 20
367 26 18
463 269 23
253 160 22
375 267 21
116 86 8
19 339 8
278 182 18
259 278 13
128 64 13
26 6 19
458 374 21
14 368 25
460 169 3
497 26 17
292 332 24
122 194 24
334 329 26
405 56 20
323 55 26
132 455 19
329 281 22
253 3 26
293 4 29
495 83 30
487 204 22
271 71 12
209 266 26
299 422 14
282 262 18
359 240 18
111 102 21
451 220 9
499 184 24
172 428 16
382 440 21
306 492 16
382 182 18
27 428 17
83 143 33
401 480 20
85 499 17
315 110 18
305 313 11
127 470 12
102 30 23
278 249 35
455 478 21
479 289 22
166 432 35
4 295 15
104 495 21
193 418 21
337 162 27
369 324 27
418 347 15
465 304 34
269 377 33
255 459 33
79 4 26
284 217 21
376 45 34
250 62 14
417 269 20
30 263 11
269 161 10
330 12 16
53 4 28
171 425 27
363 144 18
1 184 33
175 377 16
153 422 10
165 179 14
332 340 19
414 221 25
279 1 20
399 377 27
248 157 22
327 477 24
251 271 18
124 237 15
452 481 24
493 206 34
469 57 17
307 472 -5
169 318 33
44 493 20
203 344 25
341 383 12
151 302 18
272 24 20
443 156 24
182 295 23
499 339 19
41 470 24
354 114 9
143 207 21
330 41 7
389 245 26
231 479 20
115 390 22
120 273 32
446 356 -6
76 475 15
22 495 15
466 201 16
76 173 14
151 100 1
334 374 23
342 406 14
93 86 31
364 413 14
356 388 15
78 427 6
493 187 14
90 179 10
298 128 9
206 338 9
18 328 13
471 423 4
457 341 20
435 146 20
403 489 14
237 315 27
317 206 13
27 230 18
231 61 29
286 480 16
207 23 14
364 418 20
423 345 9
195 352 17
467 417 26
273 208 16
435 239 26
416 100 10
129 223 16
337 478 25
203 60 27
300 396 12
415 95 11
330 170 6
109 7 9
230 95 36
100 253 23
358 39 32
117 246 24
78 386 17
45 102 21
498 321 25
298 89 23
97 138 29
396 285 21
351 454 36
399 164 15
62 179 23
102 492 14
166 106 31
106 163 17
273 414 21
497 346 24
489 419 27
371 317 18
138 201 13
287 154 24
261 255 10
275 244 13
390 298 29
415 459 16
67 426 25
173 239 10
328 5 22
219 114 21
101 92 25
478 61 23
392 140 25
245 183 17
337 359 18
143 230 29
274 79 21
260 201 14
263 46 19
420 429 22
236 105 32
499 166 16
293 330 14
474 107 13
457 315 11
229 267 14
178 103 18
327 439 25
37 266 31
456 355 33
25 458 8
494 42 18
318 316 23
69 33 25
270 267 20
17 415 13
443 327 10
230 117 18
387 430 7
437 236 24
240 202 28
385 24 15
391 291 13
372 319 13
157 229 28
146 250 43
75 388 28
473 156 2
399 437 28
58 357 16
444 265 25
392 281 16
206 207 28
42 235 20
192 12 16
295 314 30
363 495 6
288 297 31
3 54 10
401 281 19
456 7 27
263 28 4
130 432 17
319 409 21
349 223 17
485 285 26
289 386 34
218 125 20
372 382 18
77 158 15
60 67 4
39 128 18
138 64 22
371 167 21
97 227 27
435 99 22
498 395 22
305 433 14
199 138 24
499 273 21
329 366 13
300 222 26
8 400 22
383 399 22
171 223 11
295 75 20
356 412 14
198 276 15
155 96 33
326 291 20
96 161 17
483 150 22
381 143 17
163 89 18
10 213 14
39 370 9
455 61 3
186 220 34
186 304 13
294 349 2
335 110 11
482 345 26
429 239 18
259 366 22
333 48 19
412 379 25
4 276 20
43 163 5
322 38 15
287 71 21
273 151 13
431 437 12
404 491 12
307 8 13
113 424 17
423 201 10
355 336 24
466 96 33
165 23 13
212 377 9
352 110 20
29 284 10
60 392 12
383 16 17
213 244 22
109 243 25
321 473 10
82 6 19
138 25 11
460 278 17
479 30 16
84 105 10
304 135 27
149 173 33
358 189 18
113 348 20
421 168 21
85 31 37
8 434 11
224 138 17
337 408 25
347 46 29
459 170 0
203 126 27
231 405 32
220 80 13
47 433 -5
11 344 27
391 80 10
498 101 35
177 166 8
481 323 36
132 329 28
197 54 16
490 180 22
343 454 20
317 89 22
30 352 11
421 231 32
222 18 9
55 151 26
482 14 25
409 1 19
299 37 34
140 80 32
392 288 15
123 78 20
442 339 12
198 242 25
324 473 34
423 67 14
298 150 8
477 494 7
434 457 31
4 447 20
34 476 31
436 270 18
175 130 16
231 481 9
286 90 13
124 426 17
61 52 21
355 193 10
93 368 16
165 357 18
354 371 21
272 253 26
281 101 25
471 410 11
443 6 10
453 291 20
76 394 23
341 173 8
228 350 15
45 483 22
70 77 15
466 114 21
168 360 13
239 194 18
345 88 19
491 385 18
68 316 18
224 24 6
199 7 21
415 318 20
369 268 5
401 121 19
328 30 19
133 358 21
459 101 9
251 46 31
124 72 13
495 212 19
335 215 34
66 172 13
8 60 19
76 16 20
120 407 14
331 66 16
444 208 9
326 214 24
388 329 16
347 75 22
289 442 11
455 43 32
51 75 33
210 337 11
91 238 27
72 96 16
405 87 22
18 70 16
374 370 21
15 187 21
395 456 29
123 327 24
133 367 26
373 213 8
318 48 26
141 497 15
431 39 22
216 152 22
54 345 12
55 447 25
240 273 13
117 217 19
494 360 12
491 467 14
396 299 10
20 373 23
306 83 20
149 10 19
330 289 12
301 216 25
235 16 14
394 247 23
455 224 8
397 404 26
489 279 22
10 72 11
447 265 21
357 168 18
17 13 29
193 84 17
184 199 15
497 146 24
44 37 18
305 445 16
253 360 29
301 292 22
185 130 29
181 106 29
167 411 23
33 373 25
79 284 25
328 350 10
468 422 17
318 86 15
491 89 18
40 39 20
426 42 13
395 43 18
277 321 22
4 114 25
200 295 19
7 96 31
334 296 16
109 6 6
356 278 23
435 148 12
188 471 10
87 195 13
452 36 19
444 300 27
59 338 24
26 364 26
499 54 15
246 81 17
164 349 14
350 302 16
39 237 23
492 300 31
200 352 20
80 293 18
365 186 8
364 492 11
49 215 10
363 158 25
63 430 19
228 123 21
265 7 26
443 406 21
436 349 11
270 300 26
307 182 26
51 358 30
82 23 11
69 268 14
45 53 40
289 178 28
182 183 32
112 435 23
212 33 18
453 126 24
420 380 23
385 165 16
115 24 17
419 144 5
264 452 1
89 326 12
195 106 17
413 152 13
304 456 13
325 346 16
435 292 24
191 492 19
2 275 17
384 121 21
396 479 23
162 143 16
94 342 28
237 242 11
339 246 16
287 24 35
139 342 33
484 129 21
288 395 20
379 411 14
45 324 29
238 62 34
448 305 24
0 91 11
411 319 21
10 48 21
113 306 21
424 348 13
6 140 16
100 144 21
148 401 19
160 423 21
130 114 18
36 65 27
362 440 42
489 127 26
294 446 22
10 345 12
104 72 23
442 77 13
489 448 18
482 308 27
218 202 10
264 357 25
463 285 4
102 154 31
428 439 12
52 330 22
229 495 16
161 390 22
450 233 16
51 174 30
463 203 33
338 58 21
261 428 16
253 427 13
14 17 20
97 232 17
369 144 16
230 12 2
283 233 25
41 72 34
446 173 30
228 223 14
258 334 38
283 396 19
338 210 17
290 88 23
98 75 18
41 114 19
214 149 21
316 44 17
405 33 16
36 219 18
183 380 29
157 340 19
240 145 7
87 61 36
362 441 9
263 395 20
97 130 19
68 294 22
414 138 27
273 298 21
0 201 17
361 213 29
219 327 12
336 441 21
231 134 29
58 304 -1
45 137 24
329 449 27
316 308 8
382 227 20
46 95 16
268 227 25
388 404 25
59 230 25
198 407 26
199 237 19
13 126 17
469 220 28
187 174 17
434 147 21
282 198 15
258 154 15
421 335 33
293 290 27
453 51 23
38 189 27
221 0 19
120 341 0
431 142 9
247 345 36
399 151 29
408 16 36
278 119 21
114 478 22
23 115 34
363 379 20
71 45 12
454 217 9
289 20 0
316 188 11
411 378 36
325 84 19
365 265 19
331 416 17
258 26 20
298 91 24
141 356 15
12 63 14
195 223 22
185 384 11
241 234 17
13 213 21
486 157 18
460 23 28
206 373 29
277 402 25
485 288 20
476 295 16
279 72 21
60 428 30
409 121 22
237 193 9
462 206 31
483 155 21
258 404 29
216 181 13
482 200 32
258 376 27
169 143 27
302 192 15
89 425 13
206 210 20
363 93 22
159 389 15
486 9 12
170 23 2
105 56 20
448 485 18
72 141 30
410 440 9
448 23 29
109 341 15
180 390 24
95 248 22
299 434 13
272 293 17
393 430 15
120 63 27
472 74 21
286 342 24
138 390 26
305 152 58
107 190 25
100 200 28
400 92 23
215 221 15
276 233 28
333 87 14
292 484 22
33 161 35
334 436 5
427 484 9
13 287 16
93 124 14
468 257 16
300 138 14
441 487 32
462 25 21
166 242 31
17 308 17
200 402 30
470 371 19
492 392 4
450 138 29
288 62 21
164 480 31
354 431 22
441 470 17
293 185 18
201 34 3
449 297 21
96 123 23
55 467 23
62 436 20
137 261 22
357 446 44
394 266 25
395 284 30
296 101 6
169 473 12
332 376 11
441 126 24
381 287 6
24 390 15
144 480 9
492 15 9
445 158 9
474 56 20
448 344 28
352 118 28
108 65 17
252 317 29
347 363 0
115 166 31
439 421 20
136 115 23
61 6 13
62 423 23
106 223 30
112 424 23
264 223 18
390 84 24
144 374 18
188 208 14
186 77 11
341 240 31
358 145 21
131 147 20
110 486 7
237 446 18
160 248 21
455 217 25
406 297 16
445 160 11
363 236 14
399 438 13
423 134 14
24 493 10
458 311 19
244 315 15
447 369 24
195 303 34
477 272 10
469 132 15
450 4 22
104 462 28
280 397 18
6 331 30
225 397 29
390 26 26
275 133 33
89 50 21
380 426 8
56 280 18
171 396 15
469 385 24
489 41 15
204 47 8
9 183 21
316 293 15
231 290 23
127 238 13
192 417 22
66 78 24
252 87 13
376 275 16
452 269 3
56 87 23
391 163 15
463 29 21
449 464 26
34 292 27
267 125 22
58 121 11
462 451 25
354 113 28
279 306 25
9 233 16
410 319 29
228 456 15
342 172 0
129 178 26
84 301 26
310 346 20
149 153 9
49 151 17
334 12 32
77 177 20
232 286 15
337 155 8
392 474 5
54 59 18
48 296 16
85 88 25
284 76 26
488 411 14
300 429 23
30 213 9
415 291 14
117 492 18
318 2 28
196 34 27
323 7 35
471 470 9
95 213 16
302 88 27
188 132 15
11 468 27
283 374 13
270 378 24
336 424 28
463 447 27
82 11 14
208 291 17
348 143 28
221 195 21
155 363 12
219 454 24
250 349 22
155 333 21
166 63 25
254 354 27
269 328 18
449 41 31
348 356 31
332 338 20
314 322 19
20 200 16
214 23 22
133 13 19
485 266 14
60 258 8
120 51 5
79 247 25
302 41 2
367 408 22
15 18 22
112 449 29
174 181 26
260 391 20
383 76 27
212 45 14
88 294 25
78 357 18
499 355 22
89 156 18
255 171 32
34 109 22
73 87 26
246 305 26
54 428 3
340 174 15
162 322 11
472 333 2
317 138 0
375 122 6
342 220 19
496 238 8
361 358 19
265 318 22
289 244 13
499 351 12
203 136 7
93 336 22
22 461 6
53 178 20
367 456 11
267 124 19
241 70 13
79 30 17
269 493 19
406 36 1
196 85 17
97 136 14
441 379 27
107 415 20
4 58 11
430 455 14
130 206 28
398 456 26
352 383 22
144 461 17
24 214 22
332 490 16
418 336 18
395 457 25
340 483 13
290 239 15
358 222 19
151 68 35
441 226 23
359 484 16
232 15 22
106 97 6
128 303 15
446 177 15
464 493 23
172 236 14
466 276 13
385 426 31
466 158 26
301 387 18
284 336 -13
223 2 14
351 369 20
78 132 27
108 192 29
70 247 23
209 199 10
462 390 22
235 457 13
323 173 19
404 260 19
105 308 26
60 17 18
72 271 7
46 460 27
375 58 18
114 102 21
203 354 12
346 203 18
190 143 11
139 35 28
477 67 30
156 198 21
161 47 25
367 225 22
188 367 22
161 424 24
14 77 22
351 54 24
298 87 17
36 438 24
381 431 19
347 169 26
97 312 22
476 177 16
327 388 8
147 417 27
149 33 24
409 467 27
144 178 25
52 432 26
14 405 31
403 64 7
105 298 24
365 386 22
56 492 9
89 319 18
346 112 17
412 439 19
50 283 13
68 377 27
180 109 21
136 296 18
410 471 36
45 485 14
92 70 26
130 303 16
437 366 27
63 124 19
484 293 36
318 372 21
341 317 7
291 307 24
498 428 26
118 61 12
186 330 11
491 107 22
298 92 27
5 437 43
258 313 22
239 123 11
459 243 15
358 81 31
437 223 20
227 299 16
419 319 13
283 462 24
442 40 5
220 134 29
301 199 28
152 1 22
408 207 31
85 338 18
155 290 19
71 314 18
382 197 21
391 197 37
237 264 20
40 91 11
107 306 19
170 312 7
272 212 23
451 132 25
152 431 28
365 23 27
263 195 22
197 332 30
314 102 14
294 233 23
255 361 29
441 171 10
41 21 17
153 10 15
224 92 28
98 108 13
103 9 15
158 472 12
233 56 29
225 5 13
488 66 31
353 321 5
12 27 12
217 55 19
243 284 15
34 78 28
209 250 20
111 298 20
24 158 31
84 235 8
334 447 35
200 370 15
208 125 19
183 84 18
408 233 16
146 320 29
81 367 26
2 4 10
207 56 12
135 405 8
242 301 9
120 255 0
5 300 11
330 178 15
271 103 20
364 176 17
355 468 28
11 201 27
32 64 23
257 283 19
195 321 17
307 257 17
498 423 13
384 163 28
273 105 15
442 246 28
221 305 23
318 46 27
277 128 24
333 129 18
66 16 25
76 154 23
299 39 18
190 423 28
240 246 14
395 499 21
335 296 36
51 375 10
61 403 18
268 487 17
279 176 28
296 436 8
90 386 16
253 102 14
246 2 16
148 259 12
370 372 21
139 298 22
89 310 7
170 186 29
456 343 7
475 487 24
85 113 14
465 147 18
262 296 29
264 331 27
14 428 29
474 260 29
65 295 31
6 75 19
432 87 5
200 38 11
179 275 28
321 111 14
209 195 17
125 226 10
53 329 13
356 103 7
245 466 8
133 427 14
87 238 7
32 405 21
223 496 27
269 489 13
495 376 31
491 270 21
257 476 19
398 349 32
388 30 32
219 1 30
451 314 12
263 167 18
272 82 14
192 365 14
126 278 26
38 392 19
498 302 25
98 336 10
237 77 26
323 213 19
176 125 9
391 433 17
238 116 16
445 190 24
247 92 9
237 427 22
187 199 9
38 216 14
235 296 5
268 98 31
31 63 15
62 13 30
473 142 17
218 99 7
263 124 17
133 251 15
143 229 21
231 379 18
187 204 8
186 53 21
0 279 15
408 188 15
395 402 32
422 480 35
460 244 4
79 491 16
67 383 19
478 261 11
72 54 17
319 208 32
232 152 25
281 139 11
264 268 17
81 163 17
205 356 19
6 106 25
39 476 20
219 383 28
364 15 15
394 297 23
153 388 35
333 386 16
281 143 13
184 365 14
34 92 18
489 345 21
201 85 22
210 87 9
490 376 8
118 117 19
34 269 8
245 310 4
479 29 10
214 194 31
362 274 19
319 376 22
59 260 17
333 364 33
187 379 10
167 284 16
321 81 20
271 389 21
90 186 10
224 385 26
424 328 22
316 119 16
354 498 11
23 176 18
345 247 25
242 30 22
32 446 32
1 33 30
153 392 18
285 455 13
365 91 38
146 110 20
439 127 9
361 50 25
141 92 13
286 404 21
121 349 34
198 128 16
493 125 19
2 388 29
39 481 33
314 120 4
215 204 25
6 38 22
306 260 28
349 156 27
445 136 19
111 157 18
398 323 21
412 274 20
315 292 24
481 459 27
69 386 17
87 236 22
139 181 21
0 348 32
236 301 23
380 271 25
197 295 5
381 390 21
303 208 13
274 258 23
441 213 16
170 232 13
359 165 21
464 429 16
84 69 9
156 83 26
323 484 33
16 342 23
247 1 28
65 334 21
269 192 19
200 286 15
102 370 11
56 75 22
87 482 9
83 336 21
320 164 11
341 30 12
77 235 22
481 150 20
83 393 17
73 200 16
393 455 27
341 451 14
36 431 18
429 228 20
6 425 30
346 162 11
199 13 16
86 374 18
465 451 10
130 214 12
272 79 0
490 355 25
342 100 24
75 406 4
216 163 19
284 427 24
479 128 38
4 466 13
442 110 -2
39 99 26
331 450 18
156 14 23
436 214 16
237 273 17
250 166 15
193 142 31
198 144 22
365 408 11
275 403 26
459 34 19
251 340 20
338 374 21
475 16 21
19 468 33
27 113 21
373 55 26
334 494 29
454 271 12
221 60 24
484 64 22
473 79 33
392 396 29
325 313 12
325 443 21
172 279 21
384 218 19
72 58 22
230 66 29
5 183 8
185 474 22
35 303 25
475 309 30
374 83 7
495 382 2
215 6 20
85 399 29
95 254 15
490 66 19
413 241 10
470 343 24
133 478 33
104 461 7
50 238 23
341 98 20
40 473 17
68 400 32
441 22 23
212 224 19
397 141 19
25 432 21
327 97 21
434 14 13
446 416 24
308 431 25
325 123 9
30 475 26
438 62 22
243 44 29
103 384 22
251 343 11
386 92 27
114 244 20
388 480 14
48 156 12
28 165 18
410 415 29
224 184 32
261 164 11
351 124 18
218 55 23
162 107 30
244 492 7
63 69 27
285 273 23
362 54 10
282 402 24
61 158 32
111 391 9
116 337 23
359 201 37
6 164 16
388 426 22
429 412 14
353 350 18
461 39 10
195 361 14
204 429 23
48 103 21
101 149 21
352 373 28
287 319 13
288 244 39
139 474 22
155 490 3
327 38 13
124 81 17
98 14 33
40 268 18
304 262 16
386 68 26
451 475 26
448 88 14
38 124 27
355 261 8
85 228 27
317 406 28
134 490 18
402 315 32
317 22 7
448 370 18
163 23 17
410 434 19
19 254 14
131 395 20
491 325 11
451 115 17
275 3 24
97 265 13
441 96 19
458 333 22
497 231 8
28 429 22
195 93 19
187 282 18
23 88 7
239 296 15
81 391 27
217 46 24
35 121 31
150 9 30
254 255 29
274 498 36
310 264 18
14 432 32
132 71 31
237 93 18
331 190 24
319 236 11
462 67 20
157 412 23
2 78 19
137 211 22
312 264 15
463 423 13
464 256 14
425 54 25
140 172 21
41 247 20
288 49 20
407 284 33
299 255 18
496 306 38
459 167 34
181 213 14
33 367 17
275 281 30
346 224 23
197 482 31
288 214 22
444 205 21
50 156 22
420 484 3
461 324 13
335 185 30
44 327 17
343 63 13
197 334 16
489 215 22
126 417 20
190 371 19
470 126 23
75 427 13
294 252 22
176 498 20
425 346 23
214 287 20
496 495 19
152 50 11
197 265 13
367 240 14
484 326 17
446 86 28
213 493 23
249 5 17
486 416 12
110 370 27
154 264 15
65 62 9
176 350 16
475 419 10
308 113 23
183 13 10
115 184 10
422 471 25
386 474 11
357 113 7
82 490 32
252 337 22
492 112 18
430 51 23
377 139 18
456 109 23
113 329 39
354 467 33
110 360 14
108 59 27
246 467 21
40 166 31
274 290 14
412 443 22
495 434 18
495 192 23
270 373 33
445 247 21
133 277 14
444 349 23
313 477 28
178 281 22
187 408 27
297 151 22
443 457 22
487 63 5
449 205 32
441 187 13
117 212 22
189 170 19
455 249 32
267 137 13
404 457 16
224 490 28
72 57 14
475 414 21
428 325 28
48 406 19
91 359 18
382 4 16
162 91 26
200 226 16
98 176 18
27 480 6
202 458 35
80 205 28
242 256 21
270 100 20
378 90 23
247 138 17
334 469 20
186 307 11
260 217 25
387 325 17
158 464 18
256 289 15
424 289 34
394 53 33
97 257 12
92 355 35
234 239 25
31 430 18
189 428 22
418 14 20
268 5 25
196 31 31
257 265 24
248 333 13
268 180 9
398 462 11
450 160 21
178 293 21
440 438 21
386 323 28
455 336 18
462 174 20
272 105 15
247 388 13
422 443 17
51 182 21
426 390 26
306 366 26
330 246 15
46 327 18
89 33 29
347 237 28
192 104 4
44 175 27
312 425 26
112 34 11
468 115 28
409 69 24
156 325 25
387 56 26
138 291 17
316 407 19
448 7 19
409 128 16
160 185 17
328 120 15
417 411 11
339 451 14
207 269 24
19 149 10
114 131 37
409 432 27
85 196 9
70 290 11
397 114 21
241 474 17
110 64 15
312 107 22
66 453 29
443 312 13
366 123 25
444 25 30
4 5 23
200 240 27
458 366 28
422 183 16
230 154 19
484 170 39
259 197 32
226 101 14
72 436 13
21 296 15
222 116 34
65 310 14
418 128 23
354 19 19
342 152 25
178 230 21
116 454 14
108 398 34
298 205 16
65 194 26
306 300 20
