700 8000
626 425 19
27 606 17
195 443 13
324 688 14
216 328 13
690 604 18
359 201 24
404 678 13
484 295 20
390 509 6
150 193 13
272 61 21
501 540 25
262 687 18
163 515 20
367 299 22
167 219 20
687 232 13
329 128 26
175 488 17
638 634 17
302 284 20
619 567 16
370 297 30
106 147 15
306 356 18
106 622 22
64 225 24
666 404 21
693 139 19
322 593 14
73 474 6
335 358 29
101 414 18
397 174 21
281 462 19
475 536 22
407 390 31
456 42 26
487 227 5
512 527 10
99 698 15
161 648 26
42 47 2
400 698 14
535 274 25
647 317 18
328 169 13
81 416 13
569 555 21
54 450 21
397 600 14
180 286 25
564 501 25
454 176 41
328 273 18
468 480 9
115 490 31
307 295 23
559 691 22
510 49 12
346 426 19
172 352 6
504 314 25
371 426 33
328 362 7
126 6 30
26 538 28
63 265 22
583 629 3
64 93 35
87 618 20
421 475 25
71 620 14
63 392 28
450 286 18
283 317 11
116 233 20
90 283 27
578 63 23
657 370 28
187 675 8
33 270 16
239 199 28
629 70 15
285 366 23
304 597 18
278 406 16
116 490 27
248 313 13
296 644 21
189 578 35
293 166 27
91 326 20
439 137 23
514 161 27
381 260 15
483 656 21
591 539 10
202 366 20
578 626 11
489 116 26
55 60 14
36 158 17
17 383 29
15 408 25
234 249 22
98 510 19
313 315 22
215 354 30
103 136 21
446 525 20
611 310 16
622 502 25
412 124 23
70 657 12
656 414 24
592 340 23
509 96 26
89 505 16
140 97 14
627 500 26
672 60 18
626 635 24
188 76 15
188 179 23
205 20 3
311 81 31
25 108 30
25 506 15
330 341 10
610 411 28
142 503 16
274 363 30
692 118 19
57 122 12
91 81 19
39 431 12
124 677 17
70 196 13
578 324 10
207 674 10
72 227 33
26 537 3
131 592 22
403 8 24
635 233 20
593 294 27
391 608 28
69 525 28
115 13 21
322 136 22
96 489 23
152 686 14
270 325 35
356 4 21
252 84 31
496 48 16
455 506 26
547 49 26
399 471 20
173 674 21
419 361 25
382 593 11
393 416 26
210 641 19
598 72 -8
664 191 32
325 59 17
619 330 9
393 430 20
666 159 14
45 377 23
67 79 13
53 196 19
107 538 8
233 19 25
71 103 17
136 463 30
311 287 21
645 253 16
256 290 16
656 205 7
524 683 28
235 561 18
309 451 13
199 626 24
203 303 18
232 524 21
491 20 17
430 383 28
566 50 24
36 610 18
649 693 16
405 615 22
460 625 17
496 0 14
111 688 11
391 308 29
380 387 29
38 42 14
21 574 25
681 645 24
308 49 20
435 410 10
238 349 8
67 546 18
262 207 15
527 518 24
645 316 25
502 150 24
427 309 25
22 695 22
497 471 24
379 642 21
633 333 10
206 108 14
222 96 24
96 103 21
442 603 2
553 332 29
415 506 24
406 379 26
244 167 24
251 416 17
667 90 26
466 519 16
55 112 22
82 9 17
330 217 23
426 18 30
452 571 30
250 53 11
202 644 24
137 303 27
221 505 7
195 538 10
233 37 19
603 38 34
10 314 15
129 230 36
272 249 21
392 661 4
91 388 24
526 588 16
385 451 14
402 561 25
394 480 24
568 552 11
375 60 10
105 127 37
516 632 33
343 662 18
225 498 21
22 318 23
398 85 32
38 285 16
497 694 12
288 352 20
697 82 23
489 225 15
386 123 27
110 535 4
563 128 28
310 515 18
240 534 20
216 417 33
252 330 17
281 92 11
209 486 15
536 430 16
568 380 12
643 449 17
95 152 20
440 167 18
510 225 10
110 172 19
189 534 19
681 142 7
284 390 23
26 217 12
338 579 21
342 51 23
632 127 0
596 638 8
96 677 20
517 438 16
449 511 18
367 286 14
16 337 24
552 197 27
554 519 27
251 28 15
540 223 27
539 22 18
404 550 24
645 486 36
191 669 37
509 354 27
523 536 32
559 225 19
291 105 16
680 331 15
443 600 11
328 256 31
78 549 16
279 273 3
584 631 18
479 568 7
58 370 20
422 455 14
3 86 26
345 653 23
161 625 25
514 465 20
690 43 20
368 18 18
81 516 16
108 63 32
70 448 25
402 415 20
176 686 21
275 662 22
223 126 18
498 542 29
506 39 28
543 399 12
113 496 14
114 604 15
134 349 10
112 617 20
694 121 18
440 102 17
382 131 22
318 651 20
328 104 33
644 104 12
689 141 17
614 106 17
540 366 27
388 81 20
687 104 20
323 385 21
272 580 5
613 494 20
669 471 19
290 691 17
50 584 21
230 530 15
199 293 24
673 352 18
573 199 17
592 171 9
161 272 1
231 591 12
417 99 13
380 213 15
8 221 41
293 67 33
374 612 29
492 196 28
672 673 2
620 40 22
355 230 19
223 3 25
364 270 21
623 499 10
517 342 21
74 485 16
211 660 12
461 24 25
508 653 25
691 289 18
634 146 28
310 36 19
35 467 20
625 465 19
196 19 13
25 383 23
28 133 13
66 516 18
316 543 34
107 647 25
292 36 12
358 18 8
147 206 19
40 553 28
675 404 23
183 292 13
339 607 16
308 510 24
589 393 28
437 664 37
251 265 10
322 254 21
260 488 10
84 507 -2
289 249 27
36 27 18
190 93 31
322 495 13
537 600 25
401 37 19
599 205 14
563 487 23
405 148 29
367 410 25
360 14 25
683 420 24
622 539 16
334 513 13
446 271 15
518 531 27
208 394 24
27 473 15
432 594 10
266 208 31
648 138 13
497 566 15
400 259 28
614 480 27
670 678 20
293 82 31
527 645 27
241 384 24
446 148 17
353 251 28
341 450 17
364 519 9
335 664 31
568 461 5
322 613 19
645 397 17
352 483 14
484 176 7
50 185 14
264 116 20
483 186 34
380 312 19
430 279 17
78 153 17
157 0 19
149 645 21
661 419 19
312 268 22
515 368 26
284 630 12
465 209 21
637 455 -1
390 409 26
589 92 13
277 59 13
541 62 2
337 375 23
53 80 41
467 607 37
224 67 30
17 485 3
267 578 -3
509 500 12
560 174 16
124 404 8
136 288 13
431 557 30
282 261 12
533 154 16
618 110 17
60 433 22
309 381 12
99 173 14
175 150 24
505 243 19
624 562 29
285 170 7
297 103 15
451 371 11
239 285 7
555 585 17
258 268 30
425 641 32
403 149 21
622 426 14
331 145 23
291 344 16
143 388 16
498 650 22
197 65 3
269 34 21
259 471 30
120 5 28
57 283 14
590 378 0
115 46 14
434 457 14
315 699 25
277 613 13
202 109 12
19 470 -1
444 332 27
405 410 15
252 140 10
541 397 15
511 113 12
521 369 34
632 437 21
485 424 15
428 402 -1
544 424 20
268 48 23
681 231 15
356 345 15
125 203 27
225 289 39
445 501 12
349 569 16
455 286 18
356 432 31
438 503 18
587 365 8
188 554 27
686 253 15
534 60 26
172 12 26
496 549 7
374 580 40
28 649 21
617 384 31
500 540 18
191 198 8
62 435 15
411 65 25
113 293 22
379 439 27
107 518 13
239 55 37
82 439 25
477 676 19
357 683 22
420 464 16
593 234 20
70 497 13
578 594 8
452 415 22
114 349 28
270 411 26
230 480 27
245 685 17
66 646 20
539 82 26
55 161 15
699 286 6
672 47 15
52 623 12
6 251 15
31 406 20
524 66 35
350 622 39
485 50 19
610 564 10
31 22 18
227 593 28
323 454 17
85 117 27
489 170 6
604 46 18
650 370 27
504 209 20
502 85 28
374 197 9
21 519 13
538 362 17
674 382 38
236 1 27
658 602 16
177 693 13
582 523 32
647 299 6
677 572 13
264 224 20
302 403 15
549 33 22
583 624 14
590 540 11
542 177 24
631 367 15
481 637 20
368 453 26
318 577 15
443 257 7
245 379 29
569 224 25
211 654 14
169 22 9
547 123 15
222 313 25
302 193 13
512 79 17
440 585 10
546 8 20
618 666 15
444 685 6
262 671 9
18 476 33
157 576 24
54 593 30
387 310 25
481 585 26
169 518 11
439 13 25
400 13 7
0 231 29
582 250 11
530 171 32
278 30 9
346 526 16
457 248 21
65 676 16
22 400 26
259 187 20
655 162 33
354 257 24
291 335 36
385 610 7
552 111 23
46 647 22
440 665 27
502 151 19
410 86 25
681 653 32
162 403 20
261 27 13
456 13 29
371 235 31
388 144 6
552 230 20
75 491 16
598 465 21
298 528 24
491 242 28
57 168 17
584 59 23
213 372 16
91 292 19
358 163 27
270 588 6
633 666 25
500 339 14
22 443 35
456 117 23
455 77 12
422 3 26
501 205 15
351 259 25
100 398 37
199 379 21
140 158 26
580 465 16
263 374 27
298 173 12
556 417 4
683 312 30
339 537 19
142 623 24
261 180 21
333 94 23
538 199 10
553 657 4
642 623 34
339 287 25
643 454 16
233 295 39
288 187 13
62 370 14
269 95 16
696 201 16
579 208 11
464 503 23
307 208 6
161 418 7
100 630 23
210 562 0
319 176 15
462 353 17
154 446 26
406 647 31
460 283 23
403 71 25
38 407 30
151 509 12
196 97 20
526 27 31
633 104 25
279 342 25
483 368 15
85 591 27
209 48 29
573 602 23
407 106 2
528 23 27
663 629 23
588 624 14
672 166 26
172 561 31
659 363 12
114 310 8
84 78 16
114 675 18
399 218 29
645 179 7
269 472 15
608 316 24
193 496 6
301 313 8
265 169 26
330 404 11
417 95 28
42 367 4
452 408 22
406 26 14
600 254 14
25 610 14
13 578 16
633 198 1
210 4 9
340 686 23
534 310 10
221 511 19
476 248 21
603 623 13
505 543 15
548 219 1
516 383 37
500 604 13
43 438 30
590 244 17
650 469 21
635 205 29
90 240 31
173 400 25
338 340 23
233 670 27
332 195 8
75 525 28
123 1 31
437 65 8
178 466 18
275 333 15
335 267 22
697 626 10
676 469 19
355 354 12
602 4 14
369 389 19
249 126 11
452 28 17
3 522 14
490 238 33
352 260 17
448 122 26
584 462 5
586 115 30
686 64 34
659 154 26
165 144 15
471 569 33
498 192 15
544 511 16
568 506 22
196 159 32
684 24 23
380 560 13
69 522 22
403 331 16
490 148 30
527 346 25
145 92 3
185 500 16
684 463 17
616 167 15
446 552 20
657 563 29
188 103 20
271 197 18
239 459 18
218 504 33
577 536 20
276 620 15
199 249 29
164 322 4
505 682 11
336 31 21
512 561 30
387 628 16
225 599 40
631 321 17
104 390 33
142 255 6
317 533 -1
494 695 19
454 686 22
228 69 21
110 526 28
260 234 21
590 209 13
608 189 35
161 359 1
110 87 18
256 70 15
308 253 14
646 122 18
406 340 20
614 513 17
435 420 13
173 359 19
365 55 33
492 421 24
32 695 9
193 430 5
451 108 13
479 676 14
317 298 20
37 322 27
222 630 27
18 377 34
374 287 18
599 544 20
41 205 26
24 126 23
531 90 17
241 506 16
304 478 27
233 529 24
406 42 26
664 646 12
400 495 27
157 317 29
194 11 -2
74 97 11
434 304 10
630 223 23
688 674 12
33 534 12
147 692 38
609 144 9
519 275 20
494 144 26
539 432 21
191 256 26
15 373 26
630 429 28
67 245 21
618 79 11
279 347 26
424 369 20
489 488 16
20 516 20
330 461 3
423 17 20
545 306 25
382 456 15
479 438 15
465 33 13
432 554 15
396 69 29
145 224 26
94 70 19
112 399 22
64 557 28
596 8 28
253 353 19
95 328 24
9 493 27
238 520 18
495 681 18
490 620 30
585 250 12
320 503 14
45 508 17
142 542 21
376 690 29
154 32 19
128 621 23
42 416 31
618 243 19
214 666 14
120 180 16
443 555 23
23 433 15
207 489 13
691 454 11
303 207 19
48 0 17
266 115 31
371 85 22
51 541 17
86 92 22
172 634 26
21 635 17
318 356 23
114 422 24
570 411 22
525 169 18
634 173 20
439 25 22
439 579 22
545 71 40
55 29 12
627 387 28
429 322 11
699 405 27
465 567 18
363 657 22
382 454 8
341 39 24
75 378 27
198 179 24
592 331 14
369 165 13
604 697 11
494 520 15
542 436 8
449 656 25
651 116 18
615 492 19
347 317 18
229 675 14
451 660 23
577 358 16
461 272 15
53 428 23
451 696 15
48 158 16
132 456 20
76 203 13
300 149 17
240 308 21
47 365 32
101 603 10
228 424 19
22 482 25
7 313 13
318 629 19
285 447 29
149 533 11
628 1 36
39 231 6
391 300 7
48 85 9
540 341 20
382 530 13
432 70 14
204 104 22
541 627 28
268 178 19
168 202 21
15 90 17
678 387 10
488 555 9
615 40 16
214 148 20
619 119 17
227 450 19
384 621 21
201 136 18
544 439 20
406 635 19
687 558 20
470 129 34
268 1 23
180 638 21
44 206 15
117 112 27
590 463 25
20 271 25
362 600 24
656 88 19
376 81 16
651 664 25
294 472 28
454 190 34
395 328 15
93 153 18
537 634 41
14 429 30
65 228 6
448 690 14
212 370 24
37 462 19
473 431 26
446 628 14
609 542 17
218 186 15
590 108 29
547 699 8
540 50 27
77 581 18
127 288 29
476 344 29
685 166 19
315 245 9
368 570 5
682 114 14
85 3 33
486 125 19
259 436 18
445 157 19
21 374 19
187 296 25
225 227 31
432 53 29
466 19 15
222 498 34
11 256 10
501 147 16
31 375 17
579 540 20
131 264 19
547 114 10
511 205 30
696 511 5
454 238 8
673 326 22
319 535 22
611 658 21
567 143 19
224 281 3
563 362 17
201 426 2
693 91 27
116 682 28
537 208 38
643 227 3
312 180 5
466 625 25
259 674 21
386 282 8
141 309 30
386 105 -4
179 408 11
684 234 20
446 235 25
660 236 30
468 2 28
196 1 12
137 699 12
137 471 10
129 85 8
93 411 32
612 414 16
157 188 20
12 541 8
662 604 17
572 345 5
443 366 23
357 499 29
90 37 17
12 136 18
259 313 21
138 27 16
341 547 26
511 151 21
551 95 22
670 115 12
371 15 20
124 402 22
612 615 14
534 519 15
416 624 6
254 218 28
118 563 34
92 264 8
265 448 14
599 212 22
309 277 16
284 342 2
165 239 21
17 641 14
360 604 16
119 594 10
46 351 25
258 414 22
682 386 12
222 487 27
518 247 17
386 663 8
160 606 12
303 350 22
521 356 30
34 248 32
322 683 3
71 696 6
656 667 25
314 653 19
142 219 18
55 88 12
89 387 17
89 673 19
270 159 20
161 14 15
591 450 27
104 354 20
266 241 31
597 489 33
411 622 28
80 619 32
445 699 15
562 123 21
395 569 14
146 170 12
213 405 18
283 281 29
1 272 5
386 42 13
649 439 11
677 171 26
516 242 24
92 128 15
71 603 14
597 506 21
86 663 11
314 283 27
529 503 24
138 602 25
425 300 6
110 54 32
250 233 29
504 220 29
636 271 22
252 236 34
356 525 20
175 464 23
47 654 18
410 171 14
120 325 16
140 647 44
209 450 20
29 339 20
526 442 30
178 97 17
665 296 21
2 499 21
216 393 20
622 142 15
376 159 39
610 667 7
211 451 22
55 464 17
497 542 29
150 577 20
633 230 25
1 527 19
587 334 21
695 300 13
509 103 18
674 216 9
597 320 36
540 309 13
241 199 17
16 675 16
134 51 20
211 535 17
471 416 21
445 17 22
295 95 25
88 21 13
493 119 17
3 539 18
187 656 22
102 648 10
616 105 11
25 222 39
356 526 11
83 437 17
311 44 17
11 134 25
544 197 30
329 537 30
564 629 21
141 242 17
163 107 12
151 385 12
195 160 20
109 567 19
466 484 10
210 559 19
545 142 24
355 675 19
282 216 27
353 17 14
394 337 19
632 262 27
435 560 18
499 606 31
343 313 16
224 177 4
143 366 21
207 655 24
352 434 21
663 448 32
14 612 18
578 590 19
525 165 22
670 663 25
164 331 20
554 21 24
606 107 35
466 558 19
502 695 29
634 55 11
117 231 11
583 470 28
486 99 23
664 379 14
645 546 13
169 418 12
254 171 13
464 135 3
264 573 19
467 657 11
329 114 14
664 575 11
489 302 12
541 415 38
631 674 24
677 188 23
645 418 20
350 275 26
133 304 30
234 67 21
573 511 29
258 341 18
348 648 27
587 385 11
230 371 14
223 298 11
150 693 20
378 627 25
183 593 15
420 102 19
335 104 1
14 558 13
108 157 -2
215 40 13
581 298 14
215 550 19
479 264 10
314 205 10
396 78 20
198 183 20
554 334 29
165 520 27
258 565 34
657 638 13
573 17 24
689 634 23
300 213 16
533 305 10
120 234 12
30 685 26
249 624 19
347 208 22
140 171 23
398 128 22
249 219 5
203 112 12
60 401 11
304 350 30
58 497 13
504 622 13
119 386 20
134 553 32
422 457 13
300 159 26
674 565 34
618 349 8
553 672 31
695 168 22
310 359 16
165 149 15
580 663 29
279 602 16
316 110 22
413 13 11
284 57 11
694 457 17
597 95 12
391 404 13
624 659 27
210 585 21
198 341 18
553 361 21
154 141 8
684 575 18
325 105 16
98 195 21
502 314 13
439 167 23
421 348 13
124 205 10
279 569 27
499 278 17
466 84 7
314 217 22
110 83 28
365 540 15
379 52 23
446 145 19
686 567 13
124 13 15
473 262 27
573 221 33
606 32 23
63 156 20
406 312 32
540 310 1
136 65 25
224 665 9
305 227 31
110 467 33
431 285 20
229 187 22
201 74 8
283 659 14
687 650 20
547 514 26
88 18 3
682 506 25
406 442 19
61 134 14
205 592 8
418 53 20
417 487 15
515 142 15
55 113 12
452 690 18
492 48 5
486 569 32
540 502 21
21 680 16
39 673 27
660 126 20
451 237 28
287 144 20
681 103 3
588 109 22
542 663 9
690 672 13
543 441 34
607 199 -3
222 85 28
49 20 11
352 632 27
367 662 33
560 398 11
32 361 21
214 29 22
380 78 15
586 556 37
280 40 18
378 267 -1
32 511 22
397 396 23
403 653 26
349 365 31
199 253 21
220 356 14
369 322 23
612 651 18
301 26 20
532 352 17
580 52 20
40 337 21
107 231 12
333 69 23
473 553 21
399 105 20
625 492 17
412 399 3
498 147 23
18 183 22
145 435 22
468 475 19
355 621 10
26 148 15
154 263 14
535 395 23
625 606 20
471 338 16
450 488 33
449 233 14
34 270 7
450 155 9
596 590 29
335 447 32
1 56 12
279 672 8
604 465 20
88 497 27
349 360 22
15 492 11
555 130 14
93 310 5
601 147 16
214 318 15
617 401 22
214 484 24
532 32 22
227 516 25
112 375 0
140 282 23
336 227 8
360 221 32
571 222 14
330 389 12
506 189 21
379 281 17
164 86 34
243 664 18
697 248 18
683 14 12
191 660 8
76 307 31
94 406 12
199 70 22
177 166 27
168 239 9
418 80 26
124 7 4
419 437 21
291 202 9
656 310 15
83 263 19
514 684 21
255 360 3
607 641 24
373 105 25
494 415 16
463 697 20
597 130 33
487 17 16
104 39 9
573 85 12
508 490 10
157 184 -3
491 436 16
596 572 26
344 261 12
25 95 21
414 603 24
185 399 15
351 661 9
78 66 10
642 16 39
101 138 14
579 93 28
481 343 24
98 128 24
300 240 23
89 554 19
588 177 7
247 113 14
402 593 15
1 414 16
12 88 27
77 379 18
691 645 19
587 484 19
378 620 20
68 289 17
656 432 3
391 578 22
426 453 17
517 511 29
637 63 9
423 406 27
313 293 17
524 616 12
209 680 22
458 321 6
27 312 15
532 3 17
116 25 24
23 166 20
561 85 20
351 650 18
345 556 7
206 563 10
477 87 21
274 470 13
322 576 20
244 682 20
252 207 14
570 195 10
135 141 33
213 408 18
647 168 11
620 163 14
614 606 20
478 79 24
666 261 14
457 41 13
90 699 19
260 145 28
505 580 22
477 603 7
659 71 26
614 231 16
697 301 13
217 41 18
141 132 11
377 633 19
325 269 17
288 575 17
22 678 28
328 260 21
25 678 17
92 61 21
198 678 22
353 127 21
224 162 20
634 93 24
597 237 24
536 473 24
442 257 13
49 525 16
565 12 26
636 30 10
491 556 9
203 213 22
689 410 6
39 680 15
528 14 15
105 140 21
195 425 21
504 645 20
592 575 23
165 277 21
6 2 18
44 228 21
69 298 26
575 251 18
174 371 26
0 315 18
110 449 15
360 551 13
304 548 36
546 665 20
504 493 18
336 228 25
267 242 28
29 374 12
444 243 8
360 180 43
44 334 4
220 169 12
346 681 27
478 190 29
570 41 26
645 339 9
24 408 24
103 72 13
418 249 29
353 182 -3
478 53 25
486 143 9
79 61 18
53 351 13
612 543 29
520 511 26
176 218 22
10 292 19
679 247 22
109 405 16
506 215 17
668 331 9
217 592 14
241 225 14
669 698 7
640 450 29
422 293 32
465 239 33
188 518 29
442 150 19
568 437 4
520 144 14
410 512 1
155 403 24
439 383 17
31 594 37
171 361 12
11 680 35
44 136 11
632 353 28
593 228 20
435 487 19
493 390 -1
236 452 26
113 644 14
499 63 22
497 160 13
455 58 17
531 298 18
73 144 24
511 17 10
470 90 16
408 6 32
559 321 2
503 466 19
665 348 22
688 483 20
125 157 23
165 639 13
659 173 2
379 499 19
8 342 16
278 224 13
213 198 15
575 579 28
530 444 16
60 5 10
693 292 20
546 358 0
112 501 12
360 667 15
62 467 22
338 377 13
131 434 7
467 123 27
605 93 8
109 28 11
563 113 3
366 275 22
273 166 22
628 188 27
180 343 15
256 278 16
440 333 28
572 82 16
493 495 19
474 411 18
71 608 18
420 424 25
10 471 4
667 173 21
456 121 20
253 694 18
698 164 20
574 163 23
581 249 21
648 293 25
53 493 12
590 55 13
387 635 34
133 459 31
438 72 25
146 39 20
325 669 13
130 155 21
439 434 23
135 368 14
54 265 9
104 642 24
595 316 14
71 665 24
69 295 17
231 566 14
590 530 24
598 145 20
485 551 26
93 690 26
209 588 14
307 400 20
614 364 26
210 382 33
384 456 9
406 430 18
11 583 15
477 594 27
623 636 15
426 54 30
257 156 29
571 52 1
231 27 25
421 513 26
501 21 24
425 690 20
363 316 4
120 212 18
223 316 19
492 695 16
29 252 19
230 306 43
165 373 24
120 157 35
200 274 31
105 658 0
49 8 21
681 155 27
182 699 23
87 202 14
42 343 16
228 468 7
214 132 21
93 574 15
441 672 21
1 528 17
424 277 18
404 441 16
205 661 29
587 505 13
569 612 7
135 528 14
678 576 19
364 145 14
497 206 21
548 310 42
604 138 13
307 484 21
3 485 13
633 612 23
685 408 27
264 321 20
93 465 15
29 15 12
291 648 31
681 170 18
679 561 20
7 606 12
300 508 11
365 143 22
306 336 24
635 263 17
597 291 33
347 112 11
176 2 5
334 396 15
266 281 17
382 661 30
514 244 13
17 442 24
614 320 24
427 689 26
640 256 25
499 653 24
142 577 12
191 566 16
331 173 15
440 521 10
201 342 26
167 63 19
324 259 13
23 561 32
64 322 29
151 483 30
355 117 10
479 513 18
326 96 12
252 665 18
591 424 12
388 323 17
210 699 28
643 129 26
297 295 29
694 502 15
147 195 -1
654 588 17
560 221 21
697 355 22
132 142 21
284 61 16
231 355 5
257 283 23
171 607 19
260 654 6
683 58 23
59 26 9
276 463 30
635 226 2
664 266 6
38 358 24
36 114 25
241 643 29
343 67 12
265 538 7
83 657 21
43 596 18
121 75 14
464 187 23
237 585 18
533 563 17
317 93 13
39 542 20
481 645 15
641 446 14
103 416 16
285 538 3
495 5 19
504 677 18
533 633 6
509 389 17
380 24 24
84 378 18
438 411 17
310 51 12
588 197 13
418 25 23
466 123 17
687 426 17
119 533 22
570 619 22
533 183 -1
494 521 17
450 495 5
356 286 10
660 80 12
78 579 16
172 346 27
279 12 10
366 284 20
15 270 13
301 132 16
637 697 8
71 187 25
356 271 29
203 49 12
141 212 26
208 692 19
82 430 23
468 336 20
460 245 10
236 86 19
210 639 23
420 505 13
325 629 18
543 503 20
147 197 26
624 98 3
166 560 17
28 622 8
664 443 20
298 112 15
25 157 20
567 45 32
343 411 29
649 624 26
211 146 23
380 144 11
622 252 20
579 694 25
154 280 20
326 648 22
504 379 18
128 220 25
187 212 7
182 679 34
565 131 13
602 635 17
222 39 10
141 456 21
605 480 20
475 146 29
404 606 6
393 440 19
489 567 30
362 24 10
449 268 16
216 480 20
318 333 19
86 601 19
69 18 30
576 502 13
394 577 19
652 144 11
181 134 13
655 524 8
73 498 17
285 616 23
48 228 14
501 45 17
493 682 28
244 295 23
432 559 24
190 381 12
430 582 19
683 509 27
203 58 17
14 613 13
657 43 16
18 362 16
73 610 29
141 498 21
403 535 14
126 310 27
270 88 19
354 53 25
39 442 12
693 74 18
398 503 23
205 75 32
238 388 40
120 542 24
425 400 26
370 540 18
547 264 20
46 182 22
620 48 30
458 428 23
37 650 12
32 473 25
177 432 18
210 603 2
378 15 27
96 25 23
165 182 26
135 248 17
105 305 13
541 292 19
147 91 11
50 513 27
663 328 23
50 310 26
392 249 5
145 561 18
327 400 14
4 291 27
577 378 23
150 197 19
101 55 7
290 559 11
562 411 10
161 549 22
598 303 19
597 151 32
38 78 20
144 304 25
90 571 20
676 351 20
3 252 21
433 190 11
201 433 26
75 427 15
361 192 19
597 390 8
615 114 27
675 431 16
52 83 34
367 571 12
642 370 18
255 624 24
27 469 24
102 641 17
369 54 12
64 214 20
213 476 21
634 645 33
567 235 7
13 30 17
140 359 24
559 431 13
438 455 36
584 233 18
29 305 16
75 681 14
5 589 26
507 494 27
33 668 12
433 34 25
194 558 32
521 171 14
252 294 26
473 376 24
61 70 12
218 474 17
527 512 21
562 423 27
617 88 37
440 575 21
155 663 26
253 570 20
97 591 26
382 219 22
88 48 27
22 570 0
270 16 8
363 106 24
549 155 12
234 495 23
464 591 23
412 21 18
103 344 16
677 374 25
130 111 19
495 647 24
668 325 20
571 489 20
237 183 9
291 361 14
519 84 11
605 34 20
623 313 25
313 51 13
74 534 19
623 143 11
536 284 17
632 316 20
124 355 24
12 647 26
616 223 15
524 139 18
371 565 22
101 495 15
221 255 20
462 451 23
587 438 30
149 124 23
628 665 5
63 5 11
216 118 24
351 21 13
194 519 25
261 125 19
460 125 36
453 316 22
678 235 23
633 680 19
183 499 26
628 19 9
508 191 16
260 264 15
557 296 11
261 386 27
582 482 7
301 323 2
664 290 20
616 297 21
416 618 14
355 240 17
68 252 37
178 222 15
543 339 20
512 616 35
239 184 20
183 384 10
694 529 15
470 217 28
375 153 15
648 12 27
690 505 0
614 522 15
474 80 22
693 166 26
653 470 25
172 309 16
378 50 24
227 236 17
158 476 18
23 496 17
111 143 19
141 273 15
314 195 4
382 159 20
287 470 19
620 118 18
534 429 25
36 101 24
335 276 27
606 93 14
94 535 20
4 57 24
500 420 9
512 406 15
333 215 3
393 307 25
575 29 32
57 247 19
317 362 11
247 211 10
32 151 19
340 136 19
136 16 20
545 166 7
454 695 13
229 59 2
676 587 24
632 195 15
210 473 12
655 508 26
230 550 11
298 30 20
193 642 30
522 148 22
20 449 21
537 143 22
229 288 13
113 88 20
210 437 23
282 16 22
119 400 29
322 168 29
177 45 27
60 322 27
371 264 39
604 383 17
690 35 19
575 8 16
44 436 36
408 395 26
123 54 26
225 570 20
51 304 18
99 256 2
433 106 17
272 402 21
288 619 35
338 308 16
544 473 13
286 540 16
574 259 34
183 458 23
439 301 19
43 306 17
437 696 10
278 292 24
64 620 22
210 648 20
0 534 29
117 50 15
664 182 21
94 624 27
141 350 16
136 72 22
564 499 7
493 355 28
587 266 19
182 150 11
563 324 14
165 541 30
432 662 27
159 494 25
434 125 18
508 34 31
29 306 30
60 395 37
666 450 18
286 438 25
406 443 1
302 183 23
524 325 20
658 372 0
13 86 24
32 181 26
635 657 24
250 385 29
151 623 16
441 413 12
171 560 24
134 331 17
597 88 9
120 411 29
653 517 24
511 312 18
380 52 20
638 639 9
524 370 5
613 130 8
10 459 19
697 9 11
238 566 21
425 209 16
260 266 16
552 563 9
695 475 23
587 677 32
634 686 18
172 637 34
553 524 15
206 28 17
638 383 28
348 271 8
70 15 2
564 480 16
620 663 15
440 654 4
242 628 4
296 309 28
202 336 26
487 538 28
486 178 13
130 542 24
493 199 25
422 24 17
12 310 13
328 71 19
291 193 8
552 334 18
335 87 27
607 15 17
507 606 15
2 263 23
642 399 10
257 244 3
648 171 12
519 120 15
639 538 7
528 166 31
53 103 17
102 12 17
562 65 13
321 414 31
447 527 25
620 585 13
286 514 11
440 542 15
85 91 21
161 314 34
220 456 2
183 154 10
657 293 12
173 63 32
582 113 2
288 205 11
591 617 7
358 522 14
623 92 34
624 411 18
385 203 9
543 72 18
310 286 25
19 104 22
221 602 22
251 469 14
233 321 24
636 479 25
668 88 21
588 699 28
175 319 12
562 325 42
610 391 24
536 337 20
193 180 22
370 58 26
549 357 19
373 452 19
622 114 11
271 680 27
204 196 22
684 436 22
664 6 25
402 541 25
159 97 19
698 169 19
105 237 2
267 485 12
478 122 27
524 116 19
46 320 12
40 308 19
582 366 13
457 609 27
111 558 10
576 214 30
220 107 23
335 427 24
375 646 18
468 177 34
125 113 18
126 389 11
688 413 19
461 250 31
34 113 32
98 365 21
438 453 28
64 615 17
116 336 31
102 519 28
295 201 9
442 617 12
676 40 33
81 453 5
7 430 30
454 571 20
316 31 38
518 595 3
492 310 11
430 584 24
447 645 17
493 122 8
622 240 13
412 646 20
200 275 23
224 345 22
633 18 6
59 619 11
266 220 15
649 109 34
555 389 13
198 343 23
377 603 5
612 217 17
386 382 26
494 92 19
46 457 9
116 400 10
172 410 24
389 64 12
11 377 28
507 177 27
77 336 19
677 444 19
425 149 19
596 403 18
323 598 23
122 225 17
51 80 24
8 567 18
660 243 15
373 158 26
257 517 22
441 60 16
662 62 24
528 185 38
584 532 16
595 612 23
557 685 26
1 25 18
166 374 19
457 226 9
5 588 16
412 615 19
203 476 21
683 468 34
600 525 17
409 632 27
321 662 27
346 359 17
228 635 11
563 294 21
549 535 16
583 70 11
620 16 27
269 228 27
159 568 35
188 655 24
240 412 23
478 145 5
481 636 27
50 458 12
170 393 22
152 395 26
194 500 8
395 276 29
17 198 17
214 639 4
338 77 11
121 351 21
458 533 17
5 661 27
181 447 20
296 344 29
213 370 10
83 200 23
347 460 24
324 187 10
148 624 29
606 597 29
323 606 25
210 415 17
383 340 25
517 619 46
177 587 17
178 253 24
433 130 15
485 20 9
180 469 35
699 189 18
205 381 30
378 638 23
515 227 -7
367 648 9
621 241 21
102 349 22
340 596 11
330 634 11
645 664 9
571 45 18
465 219 27
402 251 14
40 350 21
340 238 25
677 646 13
319 414 10
33 528 12
508 5 32
253 547 18
272 620 16
549 441 24
415 151 17
317 544 6
362 420 26
373 225 2
457 205 12
394 0 25
51 337 28
101 61 9
659 599 15
454 109 27
158 289 16
476 306 12
299 378 8
129 94 16
416 57 20
374 88 22
332 559 19
187 281 7
330 697 15
606 699 29
601 34 14
284 536 17
62 426 16
402 520 20
423 461 26
525 99 30
197 472 34
557 629 11
354 49 12
61 363 10
530 399 24
668 204 14
697 182 15
369 266 16
641 419 9
10 647 16
442 360 17
573 599 14
254 600 22
25 557 7
16 54 21
695 39 6
649 474 27
689 564 26
461 292 28
15 697 21
602 488 25
281 446 12
487 322 7
256 662 23
487 610 19
345 269 26
201 156 17
80 483 30
268 516 19
576 233 16
296 687 20
664 278 24
330 274 13
144 33 23
464 97 15
547 635 15
325 650 25
518 276 7
388 209 24
76 682 21
137 400 22
572 147 23
45 246 21
251 340 26
9 601 10
345 471 17
673 412 30
383 74 19
501 353 27
410 77 29
228 403 22
583 269 24
238 47 27
406 590 17
657 652 19
369 27 8
670 349 15
165 394 21
517 193 11
138 76 24
187 309 19
186 484 23
647 72 11
390 329 13
62 384 16
241 195 33
337 628 40
266 366 17
544 514 33
335 508 25
150 51 18
621 553 18
286 208 38
376 555 24
463 389 12
672 90 9
292 345 25
116 444 23
32 339 0
529 510 9
111 559 25
11 372 18
488 133 14
45 568 31
73 428 13
436 32 13
551 15 23
109 463 17
248 492 26
603 175 16
197 22 21
559 490 19
99 520 17
311 75 16
18 343 18
87 623 33
512 232 17
158 232 14
322 469 15
47 483 8
251 247 13
144 456 -4
380 614 21
649 242 15
635 240 27
585 490 19
67 397 6
497 537 20
89 370 14
61 522 23
685 686 36
218 158 19
341 32 7
655 685 35
337 403 15
619 269 23
318 662 13
602 49 27
342 85 27
75 570 24
643 171 18
187 304 20
103 44 24
292 168 23
499 55 16
572 12 20
602 304 18
321 690 24
96 142 23
586 34 22
466 640 29
595 643 23
698 194 27
3 427 23
465 548 12
137 487 4
122 589 11
594 604 18
502 145 12
66 510 8
171 694 30
100 316 18
679 114 20
412 585 20
613 59 25
588 48 18
384 642 18
450 221 9
192 292 -6
225 354 26
138 211 23
677 182 16
516 573 21
418 256 20
635 591 13
337 57 21
563 398 19
177 364 8
33 586 22
161 356 -1
631 377 9
617 397 24
541 108 23
643 167 15
36 316 18
625 666 21
130 309 30
603 267 23
498 625 18
207 414 26
137 345 24
0 348 -5
28 119 21
552 281 12
544 591 16
370 690 22
615 356 20
426 108 31
535 333 24
348 62 9
621 389 14
137 206 21
434 385 13
272 657 22
290 537 23
463 246 16
358 39 15
63 226 11
674 387 24
365 64 32
123 289 15
615 79 20
417 596 31
341 462 8
547 492 3
10 668 21
521 136 23
645 154 11
589 504 24
56 418 20
19 41 10
637 166 23
476 313 13
57 436 17
222 639 29
670 650 15
490 587 27
629 576 17
532 591 21
560 270 33
448 221 21
282 542 30
425 460 16
577 352 12
199 9 11
111 475 27
536 155 21
644 2 19
422 364 26
387 216 17
309 449 25
609 92 31
91 671 17
600 269 8
617 55 31
276 520 9
330 670 6
81 189 32
72 358 13
570 658 18
432 470 17
434 393 25
100 197 27
58 102 31
356 34 20
183 198 21
387 213 28
215 551 15
589 6 23
7 228 26
191 501 10
169 245 15
236 615 9
676 520 26
662 461 10
180 594 25
72 155 22
528 364 11
415 304 5
394 685 16
227 369 5
194 617 30
365 593 34
605 411 18
493 337 9
621 115 23
471 349 19
351 168 18
527 697 32
171 651 34
674 644 16
135 489 18
125 212 17
262 440 19
115 664 14
133 125 12
603 76 19
502 660 5
558 32 23
335 145 23
458 530 21
681 428 20
295 271 24
516 362 18
685 371 19
102 142 23
281 290 24
698 598 14
538 241 20
656 665 12
294 622 19
378 493 31
430 84 10
156 145 16
214 569 22
676 471 7
333 240 35
49 298 17
300 581 6
334 400 20
441 563 -3
409 502 7
534 454 18
498 564 18
336 555 9
667 400 15
335 279 27
698 628 23
378 219 24
332 70 19
526 691 11
399 681 21
492 344 22
161 652 15
117 300 20
184 348 18
289 310 5
622 32 23
18 227 16
37 268 11
367 374 8
647 191 18
480 654 18
273 614 25
410 632 31
377 497 6
253 288 31
400 92 23
385 655 22
536 532 12
81 526 20
129 219 14
535 519 26
452 54 26
333 214 27
482 333 34
605 531 12
413 599 23
23 543 3
112 621 27
150 673 7
210 325 18
98 590 20
503 64 13
474 84 13
236 505 4
107 159 10
39 573 24
393 336 13
234 176 24
685 503 25
440 549 28
117 190 12
207 326 8
251 504 8
321 185 26
378 318 15
570 168 27
58 93 30
286 149 18
132 561 20
281 643 15
676 151 21
0 119 23
289 643 25
94 359 21
261 542 16
202 562 23
391 509 29
573 133 18
439 352 4
282 683 16
38 207 14
192 209 21
448 40 26
192 70 20
559 446 24
205 360 19
435 167 19
497 380 21
233 547 12
471 325 24
366 13 5
440 498 28
19 221 31
412 655 27
358 665 32
347 198 18
657 440 11
575 346 33
194 450 21
318 61 22
627 214 32
504 635 19
513 470 32
448 230 40
542 42 20
557 59 26
40 109 16
486 436 19
277 268 28
351 457 10
379 68 13
684 553 20
68 476 38
359 269 17
341 131 24
477 54 29
530 112 4
262 454 7
382 188 22
542 449 46
446 396 22
243 313 21
34 117 13
195 254 19
307 475 20
209 7 17
605 274 34
449 342 10
88 498 28
70 79 20
179 116 17
507 387 21
93 129 24
0 335 29
80 152 19
217 125 6
690 528 25
355 341 28
579 37 25
427 117 31
348 362 9
129 232 17
180 6 31
422 500 13
590 679 25
348 657 16
194 523 18
218 418 10
147 578 31
114 300 38
664 563 30
531 431 14
430 91 15
347 623 28
410 616 15
366 686 15
156 392 19
155 508 26
88 58 16
187 640 15
296 678 19
421 390 22
122 661 25
125 273 19
371 302 31
431 470 16
496 485 29
491 87 16
617 147 14
250 404 27
116 397 7
266 490 12
126 153 14
327 685 22
242 509 28
41 1 16
603 548 34
608 607 22
446 366 16
294 431 -3
109 70 9
600 64 18
568 571 16
44 530 28
519 578 38
611 385 14
687 682 20
252 584 23
158 442 16
101 454 25
687 166 35
370 224 20
134 166 14
201 194 19
173 437 10
635 254 31
587 603 11
439 652 39
673 242 17
340 444 36
319 400 4
543 202 15
298 654 30
221 460 14
29 452 34
427 23 28
434 234 20
519 192 26
657 341 20
326 31 22
108 423 24
391 464 27
341 425 11
326 269 8
17 678 15
346 586 18
14 50 23
481 470 20
498 287 7
338 622 7
290 585 22
268 88 29
286 162 10
558 50 35
59 562 18
333 201 10
53 578 27
358 649 28
99 542 22
107 696 26
609 575 21
557 520 15
391 386 28
349 609 16
110 457 7
164 479 19
625 17 28
504 593 34
665 243 19
349 131 22
606 544 20
264 234 7
157 460 21
508 586 17
136 670 0
316 245 21
427 56 27
131 468 29
64 559 28
128 319 17
373 564 44
274 493 14
181 420 11
531 446 15
397 191 22
92 594 21
459 596 33
72 537 22
35 463 27
647 180 34
609 231 27
313 661 19
471 690 17
47 236 28
527 250 30
454 633 30
6 569 35
217 670 24
641 656 15
611 472 36
0 434 14
192 403 28
500 447 25
280 592 9
124 505 38
268 393 27
675 104 21
298 435 15
329 490 15
450 104 33
632 104 24
132 175 24
85 110 12
176 505 27
456 466 20
650 404 16
690 507 38
90 275 7
364 221 21
514 413 16
195 617 22
338 64 19
662 608 26
279 227 10
296 192 12
339 297 27
511 229 19
17 13 18
244 562 28
629 232 19
266 267 32
568 186 28
285 560 20
242 113 6
213 232 7
257 510 14
666 581 21
672 542 20
237 484 19
512 264 8
346 380 19
514 485 18
573 47 23
426 410 3
652 662 19
672 565 12
192 56 17
174 573 14
70 593 31
306 226 30
600 626 12
237 609 33
165 222 1
479 482 27
655 386 17
282 101 7
247 149 36
25 318 18
332 390 18
184 549 19
50 510 16
479 80 38
557 320 16
614 177 13
606 297 18
691 581 14
182 668 16
7 13 27
167 577 37
455 139 7
662 536 26
298 218 19
649 304 11
373 104 20
50 79 17
352 468 16
280 430 18
242 514 14
253 184 13
391 675 18
562 405 16
146 11 26
425 286 36
11 332 18
290 639 29
370 455 21
569 182 14
223 2 17
652 626 19
155 128 10
466 656 27
490 299 21
412 353 16
387 538 24
461 253 6
602 256 9
265 566 18
549 428 15
335 277 5
283 376 31
50 227 1
158 349 19
355 628 21
375 58 23
115 409 11
473 607 15
352 358 21
490 11 29
585 441 14
363 636 16
531 375 30
502 395 20
460 471 20
351 668 30
504 357 10
693 231 26
296 150 21
157 50 15
365 671 31
329 220 22
655 521 28
186 153 12
535 118 26
223 440 16
140 467 25
472 592 21
254 669 5
188 520 35
607 619 23
627 567 16
285 596 28
586 5 24
341 396 32
30 435 32
245 494 20
193 51 10
30 377 24
428 157 22
683 458 26
452 120 21
39 408 22
547 145 11
238 61 21
555 244 10
626 440 13
118 686 18
439 626 18
669 501 27
398 625 33
639 551 23
297 210 17
634 512 29
547 244 8
405 195 18
199 277 14
519 101 20
18 526 30
108 630 14
596 649 22
81 264 8
219 645 24
406 438 25
405 18 24
32 373 21
611 458 19
197 545 32
690 547 6
265 475 25
286 326 12
544 320 21
400 43 14
500 482 13
9 6 7
234 5 8
206 642 21
316 277 18
498 607 25
663 164 31
249 86 21
227 97 6
164 575 16
552 382 15
328 562 20
359 221 19
351 275 15
248 202 20
339 149 25
589 243 24
583 84 34
563 296 19
633 634 19
533 23 8
646 410 25
249 619 15
583 658 22
369 100 29
365 377 9
548 166 14
333 341 14
561 597 9
195 679 27
72 41 13
695 59 25
168 315 13
83 554 41
356 586 21
641 472 16
637 266 32
36 411 14
644 467 27
611 3 14
360 431 18
302 408 19
161 250 35
203 206 31
364 334 32
504 154 31
382 302 7
587 338 33
541 276 28
177 351 23
667 626 20
133 530 24
290 101 13
394 362 11
322 405 15
86 38 15
321 672 4
203 122 29
502 232 9
50 268 20
523 30 20
653 402 7
113 648 19
158 678 20
92 179 25
412 5 25
160 422 18
444 11 40
460 16 9
70 376 20
436 634 6
439 180 9
436 590 6
18 584 25
604 641 15
5 414 27
427 632 39
154 496 16
674 682 30
668 164 16
404 56 26
5 437 25
613 144 17
211 600 15
484 46 18
504 558 21
446 354 10
548 396 14
510 267 7
294 112 32
306 309 5
414 696 31
613 146 30
197 270 24
342 696 15
17 323 17
689 455 25
189 256 25
21 358 22
207 242 12
51 122 30
645 611 21
152 280 15
188 78 19
123 561 21
2 344 18
7 252 20
561 322 28
23 182 12
121 385 18
584 53 6
330 500 22
460 688 18
252 15 16
244 157 41
481 439 26
357 145 28
421 166 34
204 181 20
321 511 13
77 115 41
131 637 29
301 154 33
253 507 20
189 361 21
376 155 12
266 261 25
497 551 23
184 627 12
473 387 13
233 115 29
315 168 13
141 633 25
358 151 22
469 679 23
514 558 11
25 264 15
297 586 25
467 206 13
131 399 17
524 499 22
297 310 25
306 422 11
393 363 23
674 359 20
55 526 13
262 600 8
421 576 12
659 232 24
10 60 26
681 136 40
585 692 20
230 516 20
518 368 33
691 542 15
162 196 26
372 302 23
678 510 15
138 652 23
274 320 29
59 140 12
524 318 27
586 27 30
39 461 20
332 671 27
161 597 18
356 151 10
346 343 15
40 532 7
211 397 13
647 252 17
97 592 10
377 673 36
523 90 26
519 103 35
99 624 27
28 266 29
677 62 17
386 383 14
77 617 14
262 100 14
654 251 26
276 167 26
482 633 25
471 341 24
402 361 16
386 150 5
570 590 25
529 635 5
39 232 14
77 649 28
371 464 20
382 199 28
503 62 28
23 644 32
219 519 13
455 477 29
126 249 30
443 337 28
695 546 18
164 301 19
267 144 23
133 108 0
214 183 14
237 451 7
286 20 15
456 462 19
599 623 31
542 69 23
605 509 22
691 358 15
624 84 24
474 196 31
588 27 15
577 293 23
629 374 19
43 189 22
233 537 4
431 647 21
63 60 17
150 380 23
571 443 26
378 172 11
48 671 19
74 55 36
696 590 14
210 398 21
309 19 24
26 688 18
684 133 23
460 247 16
559 662 17
553 339 20
559 591 23
238 200 19
661 15 14
130 645 8
517 490 18
615 544 26
181 37 5
372 688 26
1 159 28
21 637 25
7 328 14
150 306 26
558 225 15
629 457 19
124 159 7
434 433 21
608 492 10
456 220 33
219 278 21
536 693 15
401 79 36
164 147 16
88 662 11
103 212 6
690 27 29
121 511 13
324 539 26
149 677 9
187 480 19
87 596 18
329 512 20
42 330 27
319 371 24
697 384 21
367 25 22
148 444 3
372 121 17
673 538 19
355 294 26
153 104 10
665 201 31
326 550 14
497 316 17
38 123 24
313 595 30
387 452 23
10 218 20
40 251 5
641 292 37
334 390 6
430 481 27
292 138 12
399 536 30
638 454 15
356 468 33
450 493 22
366 550 29
103 158 25
318 346 35
111 342 21
509 373 12
236 530 27
223 560 17
448 52 21
226 151 17
406 234 16
561 142 16
280 618 38
107 223 20
582 522 13
315 98 30
155 253 23
355 436 23
598 458 14
89 635 12
284 127 21
661 697 22
435 56 21
12 510 24
155 184 22
634 383 27
652 148 10
648 102 22
503 1 17
88 563 14
258 192 19
583 45 13
203 492 35
343 77 17
310 306 14
452 476 7
559 120 22
295 404 11
559 114 14
694 508 22
478 118 24
123 400 14
311 147 7
469 537 18
134 61 31
345 189 20
192 195 19
659 446 19
577 494 20
639 446 20
531 26 17
535 531 28
143 218 26
325 691 10
244 73 33
367 162 27
358 341 14
552 543 18
115 636 25
259 410 20
572 342 10
116 71 29
132 352 34
204 49 9
120 395 23
634 531 29
262 351 17
163 601 26
667 452 13
420 694 20
655 105 26
80 480 32
552 348 10
97 235 17
480 297 11
487 128 13
274 183 7
163 262 37
168 570 17
685 572 30
444 114 27
295 515 21
594 533 18
145 316 10
338 577 23
549 429 31
347 323 19
519 545 16
562 297 27
318 572 16
653 594 21
499 574 19
375 453 21
640 190 3
608 238 14
536 431 17
479 455 28
70 90 24
492 56 11
83 421 10
182 524 12
542 20 13
473 5 12
164 618 29
309 529 22
11 55 32
595 347 20
14 59 21
50 256 20
524 187 10
489 592 14
100 71 28
560 285 9
43 220 17
427 501 28
468 84 10
629 605 6
486 68 20
310 58 23
288 45 31
293 342 25
192 126 4
658 649 23
526 95 26
169 85 14
240 217 4
5 427 26
609 126 16
186 185 21
681 510 9
83 261 21
653 457 21
49 273 9
668 227 33
642 534 15
498 60 22
202 24 24
577 354 12
224 189 11
560 4 29
92 457 24
0 662 11
483 608 9
122 33 34
644 72 12
550 661 26
559 329 29
108 331 23
289 565 32
300 596 14
295 560 31
220 381 26
488 637 23
689 699 18
83 39 20
412 306 15
299 584 31
386 11 14
218 133 19
139 112 16
193 291 13
124 149 15
116 206 25
560 501 30
241 436 21
73 546 23
325 326 20
558 587 23
417 97 6
32 673 4
70 193 17
70 326 16
625 280 30
145 157 10
191 266 18
245 357 20
130 463 13
250 120 12
244 92 21
673 82 23
231 316 19
531 278 11
548 661 24
438 261 7
101 230 23
420 307 17
211 165 20
431 62 19
558 280 22
239 627 2
255 354 18
630 128 26
279 573 29
330 686 28
688 474 26
657 486 29
576 625 14
395 16 25
624 310 24
584 265 21
582 445 15
648 570 11
257 23 15
444 250 25
658 498 12
82 655 21
647 548 14
154 127 16
316 312 23
680 339 7
1 140 28
233 666 18
376 408 9
227 557 19
193 607 13
43 658 26
420 348 14
284 37 14
403 265 12
199 562 22
218 55 17
667 428 14
469 464 26
640 175 26
174 90 21
589 206 27
177 434 20
432 306 26
693 38 6
134 420 18
199 691 18
467 19 18
495 318 17
545 314 19
181 298 29
311 355 2
53 616 16
369 9 32
590 434 13
1 348 8
172 602 16
366 521 17
50 49 23
662 493 9
1 476 35
1 663 25
641 251 22
537 514 18
12 553 21
654 340 10
419 115 6
428 679 18
101 103 18
141 244 18
174 505 16
306 193 25
95 258 8
1 185 32
440 546 14
234 570 20
128 603 18
2 582 22
372 156 24
637 325 35
646 68 12
370 685 29
588 375 18
204 275 20
604 64 24
379 555 30
608 329 20
459 363 36
591 640 7
113 631 28
355 48 10
187 32 26
483 607 16
265 207 17
596 505 12
306 655 17
93 404 15
428 488 13
375 201 15
37 646 16
637 347 24
11 365 9
647 506 23
317 302 24
128 109 30
49 531 22
172 496 20
340 55 18
545 627 11
524 92 2
325 494 18
205 498 32
124 479 20
382 178 32
579 567 21
303 688 31
547 95 14
50 323 18
435 404 23
494 464 22
561 349 4
303 233 19
244 442 25
124 78 41
92 470 17
433 482 15
598 532 25
231 33 20
408 348 25
674 165 36
233 239 26
388 53 28
293 614 23
524 12 14
14 165 20
373 309 16
163 186 12
681 664 21
601 524 29
37 202 21
659 555 23
375 639 35
612 284 27
697 518 25
202 171 27
487 180 17
602 40 13
194 396 27
634 466 29
261 111 30
316 38 12
390 385 21
322 617 2
300 158 17
211 10 24
267 441 28
346 366 25
554 622 30
13 482 15
217 14 24
523 554 13
303 678 20
697 621 16
224 220 28
379 296 25
414 483 16
133 319 25
79 66 18
524 54 9
289 252 20
540 592 12
298 664 19
403 332 22
389 366 8
118 220 21
699 539 16
52 143 27
143 70 12
505 308 16
175 484 20
141 303 28
692 263 16
160 322 21
0 528 18
268 493 30
425 19 12
580 97 27
647 423 18
392 560 16
241 568 14
267 503 27
365 653 17
153 374 24
248 198 17
444 669 -2
499 399 13
251 133 17
554 8 14
385 662 19
386 670 4
432 87 17
359 211 9
312 228 13
147 66 16
412 118 22
325 231 16
169 674 23
374 399 18
425 489 23
205 240 22
279 436 19
679 146 25
306 329 26
118 699 23
487 419 12
483 383 9
13 675 28
508 383 16
26 180 18
476 368 21
183 442 19
619 562 21
7 537 16
654 27 31
625 601 20
2 123 6
619 71 24
183 451 20
685 476 34
608 136 27
501 580 35
113 357 20
682 687 24
355 237 22
320 191 21
685 198 19
634 680 16
97 21 18
182 649 18
292 616 11
61 101 19
37 172 12
454 578 12
529 526 31
90 194 19
387 319 19
187 537 5
411 106 26
227 433 17
232 474 23
651 127 19
67 544 13
630 398 25
573 399 26
138 285 23
416 521 12
78 471 18
340 68 19
3 415 18
43 652 25
218 694 16
664 183 21
686 324 9
583 339 26
408 57 29
508 151 34
563 101 15
157 558 -3
67 677 26
172 297 19
115 566 24
264 79 17
242 155 16
587 226 12
609 134 4
558 108 25
320 109 27
300 392 10
260 424 15
337 356 20
584 454 19
479 100 32
73 583 8
692 441 10
255 69 21
133 246 15
204 421 19
275 236 22
516 665 14
688 169 12
71 182 18
607 77 22
464 522 21
473 698 30
687 325 15
533 41 0
67 556 14
92 280 31
306 410 35
16 678 18
620 452 6
488 146 29
408 58 18
515 64 19
158 474 24
364 40 29
167 229 13
580 72 32
610 88 4
505 415 17
250 567 16
270 416 27
630 23 17
349 453 16
600 284 8
178 468 10
269 398 27
422 336 19
390 216 20
450 215 21
558 219 15
694 484 11
215 500 24
112 598 4
364 305 19
325 195 12
698 604 15
368 554 24
554 287 19
190 462 26
71 494 11
539 197 14
499 353 24
609 26 23
589 235 20
610 102 20
362 206 7
125 493 16
36 274 31
39 43 25
206 562 28
292 277 13
286 249 25
226 258 28
457 690 1
491 280 27
597 13 15
516 32 14
638 327 16
433 480 15
479 217 10
629 354 7
380 148 6
469 83 23
319 298 9
171 76 19
93 527 39
20 200 29
664 596 14
116 604 19
592 380 25
354 476 8
507 131 22
144 172 19
469 427 18
318 529 17
162 576 30
619 256 12
295 143 18
354 116 23
118 77 18
371 153 23
135 541 40
16 647 24
193 562 17
679 635 21
279 442 27
427 481 23
619 36 21
583 639 24
448 649 21
674 597 28
88 5 20
522 666 11
471 72 21
691 364 14
393 538 21
359 217 21
140 150 16
603 568 20
183 257 12
273 203 38
260 162 29
295 571 18
554 299 23
9 275 33
240 118 25
409 470 19
48 488 12
416 386 14
210 646 18
208 24 4
309 84 23
644 312 31
32 253 19
478 601 28
67 141 17
538 445 23
551 66 16
294 82 21
486 64 23
208 50 26
629 525 0
562 666 20
373 323 18
86 622 16
656 16 18
90 351 23
446 557 15
86 24 11
298 606 16
463 546 17
651 577 9
63 410 20
489 247 23
224 699 11
91 48 24
624 285 15
92 234 16
313 581 18
673 5 7
406 285 26
465 46 17
693 540 12
85 69 17
615 271 28
660 85 22
410 159 26
500 698 14
364 169 25
455 345 38
218 427 22
428 196 18
670 531 26
162 223 19
318 3 9
298 174 19
408 313 27
324 213 31
272 369 10
579 624 14
88 393 17
519 191 30
683 259 38
345 427 29
185 440 9
2 668 28
694 379 10
633 433 17
546 447 25
495 106 20
14 330 15
153 184 29
338 301 28
71 241 12
395 672 29
88 509 28
49 275 21
493 547 24
535 289 19
489 520 9
63 305 34
592 98 9
129 415 31
114 689 19
481 598 37
298 345 25
239 385 19
289 478 17
308 93 16
268 97 29
476 578 25
24 537 16
566 119 15
556 15 9
166 690 22
351 438 13
351 208 14
320 672 25
177 321 20
511 530 22
556 224 30
611 22 17
270 385 34
58 457 20
85 601 17
411 229 5
206 576 17
184 185 22
237 282 27
189 127 14
79 695 16
574 240 18
387 651 42
527 477 21
621 266 24
231 516 27
643 617 14
531 46 11
527 488 16
91 531 21
595 371 15
608 187 23
282 32 9
395 331 19
409 448 7
695 137 16
421 76 19
24 214 17
280 687 10
402 318 22
557 390 25
515 444 10
400 668 21
173 398 20
14 679 10
417 170 9
326 449 19
200 131 22
261 72 17
610 669 38
371 487 17
676 350 18
71 371 19
534 666 18
252 229 11
340 126 12
669 654 7
419 463 16
686 564 21
320 69 6
451 404 23
633 121 30
8 133 5
475 558 20
437 127 27
304 603 33
61 336 10
44 410 31
225 274 25
53 652 30
44 502 13
524 287 22
194 162 8
391 598 27
30 260 22
159 327 13
473 496 23
364 561 23
523 275 27
677 549 14
281 44 19
13 467 17
450 519 13
47 51 30
360 445 9
549 147 28
483 60 20
84 121 22
92 255 16
351 63 7
122 351 6
572 431 19
642 4 25
33 434 10
485 70 33
546 4 2
240 677 20
363 542 21
242 489 24
12 184 39
182 472 25
550 264 41
649 489 26
583 518 11
558 25 11
650 18 26
476 577 28
230 406 4
343 202 17
169 87 19
86 402 16
443 578 9
317 418 16
330 11 7
110 194 13
373 265 18
279 369 30
185 642 7
684 453 26
26 332 22
370 384 19
390 76 18
626 378 17
603 692 23
635 503 22
412 180 33
525 323 20
473 448 17
210 631 18
239 150 17
17 41 23
581 503 27
427 10 18
391 119 12
432 390 21
499 44 15
620 42 11
152 459 28
168 385 36
104 610 12
4 240 4
683 291 21
441 17 22
458 403 30
527 128 30
84 235 10
539 456 17
2 616 5
697 368 30
386 71 18
320 356 19
185 610 14
387 302 15
228 525 29
463 362 19
231 120 19
293 541 19
60 460 9
47 616 22
647 470 1
110 361 28
581 54 22
12 93 13
452 311 28
588 133 27
25 266 8
358 30 31
435 70 25
98 675 8
129 141 22
383 240 17
314 231 16
336 616 26
531 246 33
19 534 18
214 85 21
40 359 26
70 26 10
351 285 14
70 40 16
306 115 9
686 510 16
101 544 14
207 310 19
115 391 20
32 598 25
472 423 16
621 585 17
602 653 25
525 446 27
586 467 30
102 489 19
179 636 19
517 233 7
190 12 24
127 210 16
78 85 12
156 96 26
247 387 12
676 56 3
382 538 13
218 583 18
66 28 29
598 394 9
41 548 24
517 425 10
343 319 21
621 378 25
593 463 26
666 611 18
639 270 14
269 334 5
480 176 22
420 383 20
500 444 27
197 649 4
70 111 26
510 201 8
42 206 13
6 296 25
54 477 18
213 511 19
646 610 26
533 57 32
606 341 14
669 696 27
273 66 24
483 8 42
5 501 6
527 303 26
464 110 8
241 567 11
41 115 9
443 39 31
235 539 23
382 498 30
348 494 27
628 671 15
639 17 16
638 11 15
490 402 22
611 544 14
47 23 13
220 84 9
517 68 13
45 33 27
601 654 15
619 579 32
527 96 17
520 507 36
623 146 14
399 613 24
351 368 12
1 555 10
174 1 31
425 608 11
273 44 20
303 668 21
493 496 17
488 490 15
318 297 31
677 694 29
171 282 20
444 89 16
142 231 10
500 210 7
295 129 21
613 71 23
585 411 31
306 491 18
446 480 30
375 69 20
574 131 29
462 238 24
219 617 20
161 146 9
291 349 8
9 480 19
346 454 17
485 119 11
673 507 9
662 509 21
420 106 32
487 510 21
79 402 13
513 283 28
202 131 19
622 626 31
650 440 19
432 317 13
658 656 20
521 325 21
392 347 4
474 157 21
554 501 32
148 634 40
96 355 24
249 674 23
542 697 21
675 228 23
537 380 24
530 12 20
159 77 28
458 684 28
541 383 20
288 240 17
282 14 22
566 38 21
200 615 27
267 483 11
337 653 14
91 538 30
608 585 14
198 637 21
186 689 18
117 364 15
351 203 26
448 380 16
232 189 13
330 138 15
49 511 23
264 16 21
182 229 26
455 379 25
334 677 26
424 645 26
122 542 33
600 434 11
423 105 10
465 676 21
348 461 15
158 646 20
428 155 30
476 672 24
190 400 12
19 547 11
631 282 13
542 409 21
140 156 21
243 391 20
162 585 -1
106 325 31
356 400 5
33 320 19
461 657 30
320 427 17
635 617 11
553 214 19
386 538 15
482 214 25
265 147 18
106 267 9
545 218 27
181 219 25
85 114 16
653 577 20
663 640 20
430 458 17
109 142 -2
97 583 29
98 672 16
384 350 19
654 538 7
540 133 23
520 312 11
698 29 30
230 229 22
284 230 8
478 239 19
137 339 15
162 193 25
365 23 30
465 299 28
231 240 21
4 221 2
58 659 20
72 158 29
229 206 34
443 332 12
151 414 21
110 184 7
686 43 18
135 632 7
609 673 21
65 424 14
7 531 8
30 409 24
277 645 14
637 191 14
304 71 17
220 325 6
617 465 13
114 42 27
8 425 20
514 493 23
134 126 8
411 275 33
156 465 27
684 238 18
87 533 31
454 130 19
624 89 26
121 127 10
643 48 22
117 586 21
11 363 21
40 70 17
132 261 14
228 391 15
172 325 16
474 629 22
233 204 3
447 71 24
677 354 9
553 100 13
151 162 13
475 207 14
555 617 11
592 427 20
388 676 20
97 353 17
544 689 24
641 41 12
699 546 17
567 544 16
0 308 20
357 85 15
437 393 18
577 170 27
400 311 24
466 419 27
340 50 24
219 248 25
122 491 26
290 181 18
444 316 19
180 586 31
212 609 32
499 49 29
651 369 33
456 271 21
42 319 21
551 683 14
179 677 33
547 33 15
487 676 19
35 364 17
494 22 12
53 64 20
412 86 30
296 580 23
168 6 6
695 633 9
429 19 25
326 617 25
181 366 12
470 306 20
538 134 10
221 245 33
497 439 15
12 567 39
278 506 16
110 622 11
404 641 24
32 186 21
159 109 21
348 582 27
548 638 1
508 299 15
574 67 25
694 255 22
689 87 24
466 14 17
287 368 19
34 528 20
189 154 13
482 432 10
403 380 25
570 78 14
589 442 28
200 208 26
568 214 11
7 155 19
4 463 9
301 34 8
141 224 -2
526 657 13
14 484 27
551 64 28
377 193 18
297 279 19
624 451 23
674 78 19
272 12 21
297 150 20
247 35 28
632 102 8
503 680 17
208 66 15
407 229 21
566 27 29
258 143 24
135 377 26
509 597 11
485 671 18
47 431 13
362 194 22
472 464 9
490 25 5
640 85 6
633 37 36
323 563 14
507 611 -6
132 499 7
118 197 33
672 637 24
60 524 22
186 533 12
355 488 4
562 136 19
666 593 18
440 620 6
375 628 20
179 28 10
353 351 32
668 487 25
321 8 33
65 197 25
46 151 7
564 668 13
261 224 20
545 160 23
18 306 14
209 305 3
79 431 13
563 535 10
607 321 13
36 97 14
683 425 19
213 23 14
476 134 25
609 550 16
491 101 22
180 658 11
667 388 17
195 645 36
150 58 17
79 227 26
338 190 13
20 165 6
419 66 15
170 601 1
493 2 12
248 43 20
598 671 30
315 379 28
388 698 14
681 204 7
206 251 18
353 320 27
22 341 4
426 685 20
149 176 12
370 151 18
558 459 15
97 4 21
161 687 26
398 219 24
20 319 26
538 607 23
16 496 6
421 577 14
26 648 24
199 76 25
190 523 13
311 22 24
218 245 4
303 663 27
549 546 1
446 378 29
375 462 8
587 332 26
525 70 24
89 491 12
142 234 14
635 387 28
2 631 29
472 271 14
677 519 28
491 653 32
274 402 21
72 554 18
42 268 13
54 55 24
571 84 26
20 341 14
663 547 32
358 152 13
339 659 26
649 336 30
31 52 11
477 20 4
317 673 28
570 552 2
355 482 12
276 181 29
198 398 31
24 350 34
658 49 21
568 468 27
216 51 12
231 501 13
628 107 24
466 27 20
343 179 19
272 698 31
618 161 28
504 605 36
433 137 16
267 597 15
231 169 25
88 526 7
610 319 23
449 87 -2
588 341 15
581 693 22
186 684 13
184 511 8
580 384 38
525 200 15
468 63 14
211 464 25
23 164 14
214 12 27
399 439 27
200 424 11
512 599 8
358 598 27
674 244 0
318 54 17
254 485 26
523 418 20
454 540 12
46 659 24
696 236 4
560 39 8
16 526 14
694 66 18
631 550 3
500 47 17
657 294 18
90 385 18
659 470 22
517 372 12
206 62 25
123 684 23
486 517 23
514 191 30
600 329 24
125 412 8
526 23 10
162 215 19
202 558 11
472 176 24
601 140 23
593 388 3
345 681 10
662 83 22
448 662 7
293 335 33
440 141 9
467 605 19
555 503 30
494 373 25
694 464 15
537 673 18
188 594 29
413 675 23
545 561 18
428 482 24
361 662 23
333 324 17
680 622 13
328 671 14
269 463 11
436 123 32
281 211 16
478 21 16
598 158 13
150 34 29
487 572 26
31 624 40
344 120 16
393 79 36
464 622 25
89 337 36
688 497 12
586 694 31
370 413 24
396 376 10
608 594 24
121 236 27
213 351 12
385 425 30
0 550 13
412 208 24
481 109 6
441 5 22
675 542 25
371 299 35
238 345 23
492 656 11
68 523 28
503 77 25
648 492 7
181 318 3
220 189 18
412 497 30
689 578 16
61 536 11
608 147 32
114 213 27
644 119 22
198 267 15
480 462 20
577 350 19
673 548 9
30 241 12
314 299 9
685 338 -7
615 95 9
216 437 22
72 393 18
217 461 14
582 628 7
179 119 24
664 538 15
10 505 30
570 630 7
611 180 10
302 392 28
350 381 39
400 60 16
355 399 17
125 21 14
318 283 26
572 660 32
163 483 12
666 387 20
398 319 29
646 324 32
499 311 16
475 262 31
693 462 27
247 261 20
304 616 22
351 218 27
428 489 25
27 159 16
317 476 31
68 587 11
583 248 10
457 388 22
144 502 8
533 130 25
21 72 26
638 282 25
494 114 20
618 68 26
583 129 21
619 164 10
59 511 21
103 62 17
97 460 17
505 170 16
318 316 15
485 677 15
207 556 17
568 403 4
441 120 18
428 449 26
609 608 8
97 42 14
464 159 18
54 40 23
24 343 27
603 428 10
121 231 21
317 592 26
672 386 10
235 682 18
332 686 15
290 459 30
94 232 10
489 74 32
201 108 19
56 353 27
600 364 27
674 270 22
192 428 -5
430 56 16
205 379 20
134 458 30
473 465 30
499 540 22
438 388 25
603 512 21
123 131 34
379 285 23
351 200 16
117 643 15
478 522 24
505 440 32
76 127 26
106 640 10
662 514 18
307 286 7
680 596 8
567 231 10
288 342 33
128 676 20
558 575 14
225 436 20
165 436 23
120 170 11
59 77 24
117 649 20
547 325 18
266 616 19
514 28 0
118 329 4
609 384 4
560 23 28
127 403 23
99 258 29
676 252 22
212 368 31
486 227 13
316 76 17
544 380 22
504 41 18
384 197 18
482 119 31
111 525 19
571 510 23
84 671 21
406 219 8
106 426 22
295 351 22
302 32 19
30 457 23
182 135 17
172 299 11
153 580 25
653 186 19
95 569 14
405 585 14
156 307 25
552 614 11
543 656 7
31 427 24
165 146 18
294 242 12
689 654 19
14 65 15
108 407 19
656 219 8
111 154 -2
691 239 15
162 94 18
256 443 19
313 556 9
142 613 16
486 341 22
351 136 22
620 240 15
690 157 36
554 20 23
365 251 21
33 654 19
646 575 19
268 616 18
576 656 36
111 115 30
468 27 16
646 395 8
251 407 14
222 169 33
109 601 11
400 142 8
382 267 28
428 556 31
356 163 17
220 659 37
268 193 18
184 140 20
619 170 25
645 659 24
194 71 22
594 559 17
472 0 28
536 236 3
121 136 24
169 669 2
266 44 19
121 324 16
17 23 33
470 252 12
133 633 11
254 608 6
59 625 20
152 489 19
81 527 12
443 629 21
325 151 8
327 557 35
240 220 16
428 529 10
112 3 11
470 169 13
92 630 28
46 206 16
639 362 17
553 341 19
105 339 6
38 437 24
697 275 31
519 556 6
377 123 10
592 625 20
350 211 18
114 571 3
519 181 20
566 308 24
554 222 19
398 194 26
508 26 20
647 422 31
434 147 11
467 646 7
324 687 0
112 57 9
116 455 24
287 72 18
650 266 20
540 654 16
540 485 16
167 440 16
407 214 17
194 559 21
602 351 16
127 544 -13
199 331 4
348 233 11
543 299 27
598 699 19
372 615 29
588 114 20
14 560 12
571 335 32
645 97 28
137 649 14
70 482 24
539 44 7
269 60 24
588 354 21
517 127 27
173 549 23
237 462 24
144 190 22
343 150 11
375 479 3
473 471 26
396 134 15
457 241 17
292 79 9
82 671 4
154 180 20
112 339 24
641 614 15
499 290 20
114 262 29
581 408 14
307 110 32
378 108 15
238 674 26
48 173 23
550 396 14
540 404 14
348 109 42
311 272 26
74 472 31
352 226 25
677 85 24
284 689 24
449 454 18
523 531 21
609 497 9
494 613 18
420 459 21
265 145 12
236 310 -2
164 371 17
335 652 31
371 175 20
211 525 23
199 109 19
413 192 10
20 593 19
171 54 11
263 291 22
463 393 18
320 219 31
632 75 17
479 614 18
177 617 31
131 500 21
503 526 5
305 14 5
432 151 6
351 621 15
218 315 31
421 619 27
270 578 30
550 491 16
244 626 16
456 195 23
683 349 40
386 476 22
111 477 28
401 249 25
52 346 12
694 128 26
64 324 18
503 132 24
616 498 28
37 609 23
439 530 42
655 86 12
154 575 29
330 583 29
560 273 23
19 512 19
101 385 4
112 253 20
421 477 21
557 529 29
674 684 24
621 201 23
413 287 19
465 454 25
611 344 22
518 429 13
380 361 20
270 490 18
242 72 37
338 452 9
397 217 18
486 302 20
394 443 21
153 573 13
66 282 24
307 375 14
647 371 25
2 672 26
398 355 16
462 106 22
637 35 22
342 219 26
575 677 22
414 486 22
193 574 6
438 390 23
200 178 13
394 354 12
191 33 4
4 107 16
501 535 25
550 642 22
60 446 20
558 628 26
672 313 8
232 685 15
610 561 26
416 501 20
532 631 13
599 690 30
396 30 18
44 333 29
380 68 16
349 578 16
503 420 17
116 452 31
417 658 25
537 684 19
196 368 23
320 484 26
489 513 18
585 369 20
245 580 25
473 667 21
97 316 31
50 661 20
465 113 35
21 100 10
59 174 32
225 373 18
320 573 16
556 166 25
573 264 4
461 113 22
569 365 12
41 352 20
252 417 23
626 263 15
392 130 21
210 213 7
693 182 13
402 254 19
189 110 11
512 469 24
330 636 26
623 71 15
585 536 17
188 358 15
199 636 24
64 247 21
166 348 17
38 580 26
450 113 25
455 250 12
234 549 37
114 120 8
61 181 12
548 593 3
539 641 14
631 269 13
635 488 17
444 108 27
233 456 25
322 313 25
231 129 7
629 4 13
49 3 19
550 75 21
590 207 1
411 564 21
581 293 17
140 79 19
203 9 22
439 639 29
690 496 8
559 259 5
348 553 7
355 332 14
51 451 20
623 383 16
670 89 17
669 215 30
68 82 15
268 618 29
304 474 10
635 471 1
399 209 37
221 440 26
279 112 27
692 522 28
507 305 27
557 675 18
59 626 19
644 174 19
283 222 18
476 362 14
446 376 17
222 335 19
182 678 23
578 101 25
525 76 13
434 645 19
412 634 19
0 414 8
51 655 30
274 353 8
638 304 15
424 225 13
514 570 12
97 540 14
33 170 18
289 583 25
106 664 17
159 219 24
542 320 14
460 325 16
536 559 11
96 481 25
385 361 22
124 162 11
537 317 11
655 515 24
552 460 12
433 399 37
598 192 6
343 471 9
261 101 11
586 28 21
354 673 10
491 637 20
171 537 20
472 613 2
482 614 6
269 399 27
120 430 24
384 529 14
256 373 25
439 632 27
19 247 19
293 327 26
575 686 16
333 198 8
424 430 21
428 430 14
638 668 16
364 654 0
154 636 19
186 661 18
145 189 27
495 413 29
340 113 18
213 255 22
546 521 15
46 312 18
522 408 17
373 93 13
549 317 21
262 255 22
414 404 33
442 80 23
332 114 20
623 219 18
256 525 13
629 286 32
208 293 15
163 639 11
628 663 4
475 356 32
622 50 21
673 251 31
170 459 26
272 273 26
318 424 18
228 289 20
356 61 21
61 398 15
179 267 15
613 242 18
186 459 17
169 220 31
45 515 14
388 672 12
197 50 20
473 454 16
82 276 18
598 639 11
206 54 30
95 39 14
479 463 37
153 423 16
416 28 26
193 551 25
154 15 11
625 275 30
221 619 19
75 296 22
546 519 26
170 332 8
657 462 11
179 573 21
630 221 29
429 354 16
605 496 7
358 45 18
507 306 11
108 581 31
585 5 28
593 418 19
122 466 14
121 294 1
131 21 9
441 20 21
615 441 3
172 696 11
205 255 23
406 584 35
6 531 27
383 253 8
483 578 24
626 159 10
37 409 35
190 622 12
302 225 9
219 101 28
47 311 30
240 661 32
597 483 36
286 135 22
260 149 16
405 86 16
436 673 5
139 444 18
82 108 24
535 590 27
79 139 20
341 439 11
142 7 4
77 675 35
227 320 27
272 45 18
580 352 12
454 287 15
427 640 23
74 17 27
200 3 37
500 396 20
366 82 17
42 8 24
555 70 16
283 413 28
447 439 24
184 195 19
20 224 15
394 546 23
259 600 22
295 33 16
61 425 31
641 500 18
498 65 25
506 146 21
423 474 28
3 60 31
681 282 20
315 106 9
579 228 21
197 281 23
400 630 24
623 166 36
34 280 19
250 272 24
525 392 10
53 126 22
4 246 24
45 667 25
691 404 0
372 421 19
280 238 4
424 45 30
476 379 18
170 240 15
96 166 28
457 521 18
214 261 25
534 232 30
315 453 15
176 160 34
466 121 25
122 375 15
592 526 19
54 592 22
98 460 24
359 377 22
85 381 16
551 621 37
219 429 14
232 484 4
535 459 5
10 369 26
687 8 2
312 207 24
602 656 9
594 496 12
315 487 24
473 265 32
269 457 31
176 142 25
585 222 26
330 577 23
406 423 16
47 196 27
161 236 24
101 418 19
565 516 14
47 569 21
264 332 25
669 288 20
305 392 9
636 554 27
369 148 29
420 428 15
627 68 7
568 242 15
338 167 27
398 538 31
324 235 22
105 135 42
18 535 30
8 279 21
357 388 2
206 21 18
372 656 39
557 339 21
16 514 25
98 245 33
98 299 19
296 407 16
33 361 19
333 602 18
410 495 18
111 123 7
138 255 5
313 634 24
504 434 4
184 548 18
576 639 19
506 253 14
284 580 17
235 155 21
286 5 26
224 451 17
546 250 29
631 603 15
662 453 30
608 86 8
382 284 29
19 267 21
426 177 25
699 220 23
522 111 19
621 480 37
351 434 13
258 383 18
113 207 24
228 452 19
250 601 24
19 283 21
488 238 19
473 345 22
341 41 30
235 244 9
78 462 25
123 465 10
12 312 26
681 91 20
584 519 30
207 440 13
116 591 14
331 287 31
102 596 25
442 294 13
506 565 29
460 420 30
492 378 5
80 657 16
195 441 27
679 171 19
206 486 6
272 421 12
472 323 26
258 262 21
460 230 24
445 376 16
260 151 12
266 462 32
184 667 18
457 452 31
181 525 33
152 435 11
566 686 41
446 311 4
477 678 25
611 6 11
9 29 31
252 314 13
612 342 14
689 42 11
284 627 16
509 557 14
127 550 25
46 476 26
205 259 9
660 328 18
149 416 22
460 587 26
451 316 18
544 235 27
685 163 18
647 540 19
319 388 14
321 602 27
155 55 18
402 50 35
413 437 25
443 431 11
107 522 27
5 484 10
437 138 36
304 645 25
230 219 27
352 374 24
472 496 -1
215 62 12
562 601 11
369 422 20
166 110 22
324 607 9
527 619 21
584 641 22
422 116 11
490 436 17
286 89 18
535 142 5
337 291 23
532 135 18
547 531 12
545 239 20
192 609 22
558 251 21
37 29 23
158 212 13
684 508 17
418 263 24
209 161 21
494 148 12
463 443 18
461 580 10
172 505 10
448 379 12
313 417 31
47 682 34
313 291 23
186 129 23
617 125 32
82 497 14
431 655 21
475 54 34
210 428 0
543 667 13
263 434 19
438 289 21
280 617 27
237 611 8
13 366 12
418 161 31
431 563 10
431 164 25
298 668 11
560 48 15
453 150 27
85 129 33
156 114 24
165 58 19
314 476 20
500 246 31
134 120 21
527 40 33
85 502 28
687 515 17
573 353 17
188 365 19
291 487 20
639 19 16
200 287 30
649 652 30
647 13 19
89 480 14
576 493 8
66 572 23
486 432 0
153 146 20
211 169 17
459 539 18
399 320 18
241 247 23
637 493 36
544 614 9
360 473 26
74 11 12
545 122 11
675 61 22
415 465 21
294 336 10
78 349 10
665 386 17
446 627 16
549 175 20
583 676 12
427 335 29
360 142 20
407 554 27
86 135 17
341 500 17
28 160 14
149 628 35
561 674 16
472 696 27
619 556 18
634 167 15
140 154 25
643 438 27
561 231 23
449 223 21
489 392 21
662 440 6
108 234 26
223 97 9
164 141 10
559 600 7
200 1 19
84 103 31
222 656 25
138 410 16
545 25 13
118 284 16
140 100 26
72 484 29
237 326 23
605 162 19
162 581 8
440 211 18
519 687 14
101 111 19
606 392 13
139 243 24
215 541 8
501 409 8
55 189 12
206 484 8
46 415 15
127 80 22
241 688 13
304 185 3
512 314 36
106 583 20
673 690 23
120 201 21
29 79 28
482 237 26
145 347 5
307 404 20
543 270 15
475 543 21
327 236 26
678 450 13
81 150 15
433 643 17
587 425 10
558 655 23
157 142 22
230 341 13
630 286 20
539 572 12
446 431 28
536 324 20
132 381 9
662 49 7
11 102 11
46 618 24
386 151 25
182 416 21
90 615 15
594 301 26
604 516 7
45 137 13
419 617 21
399 194 17
569 10 23
473 574 31
86 578 28
157 325 21
163 671 26
391 412 18
579 351 25
541 66 31
313 170 16
365 156 10
147 82 18
29 207 18
377 121 29
524 521 25
354 86 4
50 158 25
524 213 8
548 46 34
223 93 24
268 381 7
549 690 23
288 656 33
277 646 11
442 441 7
221 480 16
670 241 21
116 485 23
201 527 23
698 642 30
668 224 18
670 207 19
196 143 45
699 662 31
232 372 17
201 664 4
274 638 15
189 385 24
508 447 13
690 477 15
111 55 15
280 350 12
486 463 23
697 63 7
544 397 20
698 413 26
203 587 10
585 560 24
108 242 40
294 30 30
598 514 19
652 631 32
290 443 28
275 637 19
392 265 20
514 604 11
289 201 19
669 250 21
400 25 14
630 86 25
458 576 14
340 423 6
674 294 28
174 447 20
240 269 19
264 523 29
127 438 28
69 673 21
1 168 36
252 436 14
31 38 25
33 524 10
63 645 37
378 67 36
615 631 33
371 192 12
229 100 14
56 34 21
102 376 19
76 25 23
257 399 6
362 476 16
603 43 6
557 371 28
349 658 13
33 672 23
435 43 25
63 354 33
520 579 15
199 558 10
126 106 18
686 383 13
213 184 9
264 469 25
621 254 26
645 34 24
594 153 29
175 331 24
15 303 13
56 58 22
641 347 1
468 438 30
354 199 30
307 530 15
481 286 7
542 173 19
67 459 27
653 181 37
187 219 24
102 498 3
67 666 6
659 249 15
322 680 15
137 510 20
445 286 18
648 85 10
298 524 18
403 14 27
124 525 0
169 452 20
169 374 10
671 101 31
465 122 15
678 258 28
150 49 -5
667 208 45
66 152 20
601 473 24
464 390 32
242 674 16
12 248 36
538 536 30
306 646 18
160 558 27
688 568 24
157 212 24
609 630 32
599 247 18
407 320 21
239 189 8
466 357 10
641 657 10
559 210 9
77 420 17
681 334 21
251 102 27
628 31 13
689 171 8
439 14 13
253 346 11
659 223 13
79 16 26
322 176 24
356 119 28
137 373 12
153 532 18
20 346 15
230 209 20
375 405 24
511 342 8
50 166 11
5 524 19
20 661 18
590 93 15
94 14 24
231 618 9
415 563 27
101 19 13
264 349 26
123 82 27
474 655 13
560 592 25
90 326 12
555 235 23
606 642 20
172 403 24
170 435 21
245 651 25
76 677 17
167 206 20
614 299 16
480 0 24
511 490 35
672 75 27
624 284 19
2 347 8
570 137 24
598 337 5
284 673 39
242 447 22
448 492 28
231 645 11
615 340 14
2 517 25
506 567 34
326 371 4
337 465 17
133 326 27
576 241 6
480 49 23
366 321 21
618 286 36
364 164 19
301 298 25
520 111 26
222 291 39
408 29 26
500 324 14
126 360 15
345 138 23
431 106 17
181 617 11
564 10 15
655 113 19
399 373 20
623 300 16
98 310 5
1 302 24
445 642 22
296 276 20
555 55 13
513 96 15
342 9 20
137 361 20
477 356 30
527 292 29
323 325 25
88 244 9
151 678 17
424 158 13
416 16 12
439 423 29
634 195 21
585 621 19
114 362 25
140 284 24
202 32 38
142 250 20
609 485 19
80 286 21
632 595 16
649 7 3
537 167 7
396 681 26
634 273 26
548 251 38
212 191 13
666 474 20
266 66 23
618 105 22
501 640 15
129 677 13
437 120 15
227 629 3
670 255 11
514 270 31
122 697 21
255 493 5
298 268 14
174 29 24
31 513 29
385 171 15
397 603 29
402 231 11
576 513 30
573 209 24
315 123 16
545 103 34
306 20 13
452 142 6
518 655 11
643 187 21
65 142 15
405 696 19
668 1 21
117 561 26
403 70 25
58 140 16
356 551 20
344 465 6
89 133 16
273 375 10
173 331 20
258 4 18
79 157 25
24 204 24
288 370 18
145 242 20
43 217 16
554 353 14
476 483 17
688 264 17
199 183 -4
5 90 30
40 528 24
463 619 20
656 548 13
191 85 26
371 223 30
263 426 25
417 189 13
636 210 21
571 279 27
268 439 28
422 311 18
507 94 26
376 59 14
639 697 6
165 216 35
477 628 32
677 29 26
242 528 35
249 359 8
436 150 33
620 471 27
537 162 31
50 615 23
220 136 18
644 448 17
314 349 31
503 307 36
535 415 18
354 285 12
647 189 19
46 436 31
383 436 20
98 107 26
290 464 18
608 597 14
507 107 33
106 601 30
413 545 18
220 11 17
581 24 15
385 522 26
51 244 18
189 68 18
649 18 14
57 474 24
42 153 19
640 308 19
272 187 8
542 180 20
411 36 2
76 456 10
442 222 31
85 507 27
451 155 10
285 119 24
304 539 26
451 283 15
489 173 25
278 203 25
681 690 17
386 149 17
584 562 16
400 231 12
195 603 18
616 68 13
338 513 8
623 6 25
625 538 27
412 368 12
220 313 21
633 457 26
675 583 25
35 466 15
438 516 17
341 382 23
101 609 18
539 347 15
345 439 0
53 564 22
54 619 39
262 543 8
341 177 22
21 324 21
64 654 29
128 432 26
428 238 21
495 518 15
122 408 28
444 405 27
492 618 15
179 44 4
213 518 15
249 653 18
500 408 29
621 120 7
356 612 33
454 15 27
627 551 24
479 454 15
579 393 28
204 211 8
6 217 15
346 79 29
264 38 2
601 271 9
0 206 2
29 626 27
25 534 12
40 656 24
10 657 24
97 105 20
165 36 15
473 289 16
33 71 26
146 5 19
124 270 23
218 698 9
342 350 18
618 130 33
301 652 25
527 49 2
604 29 28
430 337 20
357 456 10
545 289 31
672 55 24
694 233 25
444 125 1
516 236 26
195 576 14
591 313 12
600 608 26
6 190 22
517 454 18
36 119 15
261 661 7
260 693 27
435 352 23
534 684 33
176 278 11
484 412 27
403 146 30
589 385 15
585 60 15
262 87 17
618 48 24
127 14 32
341 465 24
49 169 26
353 698 21
499 223 12
527 105 30
231 432 27
132 514 19
292 401 26
416 539 12
615 298 17
376 619 31
108 170 13
112 613 16
290 368 13
569 625 27
496 127 27
87 360 27
550 374 7
556 332 28
198 152 22
616 271 25
46 291 17
468 347 14
338 372 17
620 26 28
568 513 20
364 3 22
173 180 21
396 214 10
196 361 10
339 310 12
241 381 16
205 660 18
660 198 17
353 414 29
464 222 8
423 537 19
469 611 24
40 24 15
643 112 18
183 594 30
269 619 14
168 207 33
491 300 19
374 348 32
457 600 28
42 213 17
107 26 25
675 537 12
33 251 12
475 140 11
354 131 6
656 603 19
562 166 28
13 516 30
1 570 29
281 298 26
169 431 23
494 197 24
228 694 19
347 117 16
416 637 21
378 587 15
137 613 12
480 235 13
397 491 31
542 357 17
465 57 27
80 362 19
174 164 17
71 315 13
290 360 25
52 215 17
438 339 10
596 393 4
212 266 27
382 664 26
363 575 21
105 187 4
517 273 28
123 424 4
529 147 19
694 589 21
22 403 14
280 38 8
569 531 36
348 389 24
533 298 30
570 602 16
523 200 15
490 190 17
495 137 20
317 83 29
417 322 31
516 212 17
71 138 20
386 341 24
624 72 9
100 675 24
636 537 32
40 362 12
427 612 32
423 611 15
581 380 17
294 554 15
117 64 22
199 328 19
252 177 20
343 173 7
463 603 13
538 51 6
326 230 12
671 647 17
548 558 30
19 164 20
692 183 15
420 453 14
407 82 22
571 599 5
529 601 19
401 327 17
431 466 12
46 15 20
3 159 3
233 595 10
246 404 7
592 553 35
631 515 19
486 388 12
176 572 11
278 493 4
295 374 23
169 621 28
564 157 19
81 355 25
646 415 10
216 398 7
242 691 25
59 97 38
68 647 5
525 163 10
197 11 17
484 160 20
30 308 26
624 455 22
163 441 40
430 577 6
575 416 20
603 488 16
426 649 12
2 15 10
67 408 17
523 566 12
20 101 35
675 344 31
664 673 23
344 21 23
191 60 35
155 350 21
94 520 28
104 293 22
513 653 19
453 183 17
183 478 22
190 238 17
321 122 27
121 27 24
277 504 20
373 443 7
371 206 27
448 453 20
406 429 25
697 250 28
660 307 22
34 434 22
488 694 18
692 240 18
256 460 22
392 370 30
592 370 26
288 155 13
424 331 14
109 685 25
305 549 15
436 91 6
12 235 11
221 117 11
57 181 17
136 391 21
357 116 17
447 450 20
249 408 31
142 130 30
350 540 15
675 550 16
45 532 25
603 365 22
454 516 17
269 203 22
502 101 22
452 159 20
206 238 19
623 169 12
201 275 37
104 347 28
0 676 24
389 132 32
287 289 15
658 439 17
216 243 30
442 335 37
600 530 10
404 615 27
682 253 17
363 117 9
695 281 30
278 133 27
676 682 17
333 269 16
419 440 15
307 487 8
124 314 15
180 7 10
468 166 23
327 430 36
45 266 27
181 510 23
145 567 24
465 559 16
582 585 4
346 297 35
299 652 23
454 547 3
378 565 18
355 224 27
154 495 21
694 26 24
437 140 21
637 377 22
415 16 23
565 684 18
161 404 5
122 675 20
299 120 1
632 650 14
478 508 23
135 686 13
297 292 16
653 348 18
494 615 19
491 359 9
451 72 12
262 217 21
109 374 28
454 404 20
596 224 12
668 672 23
661 473 19
38 310 34
600 47 11
668 131 19
438 629 39
83 124 17
388 367 33
279 664 24
404 49 25
597 633 17
315 620 -4
677 651 36
307 607 18
668 192 29
548 665 18
333 638 7
29 150 18
188 38 12
123 573 5
55 495 25
529 448 21
300 405 14
689 340 8
373 248 25
174 460 14
311 274 21
281 263 25
652 216 6
682 160 15
307 50 30
26 117 16
676 243 11
309 391 23
29 697 30
377 105 21
304 169 17
64 574 27
486 618 17
588 340 22
17 577 23
157 597 24
423 95 12
326 249 8
428 486 16
88 236 6
109 215 13
237 545 37
516 225 22
32 596 22
426 181 21
465 354 17
685 403 30
661 332 21
54 585 23
172 642 14
643 600 31
587 572 18
284 443 23
526 258 26
469 269 19
392 434 25
339 13 15
581 489 13
421 345 16
591 323 20
554 604 18
630 578 18
676 75 7
48 238 16
518 149 9
143 581 22
183 364 28
340 82 16
496 592 14
296 570 42
692 206 13
218 268 16
124 209 25
260 553 18
10 602 32
140 341 19
7 492 17
473 304 15
299 301 13
505 144 27
183 141 11
246 225 25
125 156 23
70 440 7
123 143 37
264 307 36
402 198 20
61 298 13
554 126 15
258 447 20
286 422 24
533 634 17
190 383 18
317 318 20
101 130 8
286 549 9
249 553 27
119 357 25
635 150 16
585 572 26
25 609 17
613 124 28
624 680 23
696 276 20
370 640 20
342 93 19
589 625 18
242 256 14
447 199 9
333 50 19
324 303 20
120 287 19
586 353 16
185 665 26
484 490 11
13 549 11
524 596 -2
326 487 14
578 484 19
287 308 6
306 62 22
387 76 8
368 188 26
497 101 3
181 103 2
140 83 25
152 201 25
253 150 32
662 619 13
643 265 18
561 669 18
121 623 19
628 112 25
489 372 22
10 406 2
317 37 17
28 480 3
520 49 28
327 558 39
490 292 22
231 685 20
373 393 15
335 98 23
168 542 24
171 451 10
53 295 18
437 195 24
336 546 21
281 194 15
116 346 6
440 458 26
259 253 22
439 323 24
488 696 15
97 82 16
337 647 28
276 637 6
448 491 24
536 41 18
395 225 21
21 480 20
413 405 22
83 138 16
680 164 19
517 535 17
238 56 26
92 34 20
286 420 32
366 683 21
674 476 13
194 330 24
612 378 22
618 561 10
619 10 28
59 570 19
293 266 9
311 313 28
51 120 20
112 325 17
422 190 21
384 241 20
34 157 17
464 171 15
328 515 20
227 689 14
560 551 23
563 496 15
305 365 5
167 625 7
409 532 1
312 686 15
27 550 7
510 445 17
434 468 19
542 84 5
96 181 21
645 550 32
229 525 25
38 492 14
679 41 5
366 338 22
533 415 10
117 125 25
325 672 8
242 450 26
654 76 20
304 652 10
353 575 29
501 380 21
191 459 19
447 634 10
230 352 17
273 242 20
62 202 10
628 243 14
95 49 36
666 496 24
518 500 26
173 128 6
77 173 12
566 154 8
85 211 16
10 238 14
571 142 26
457 462 33
695 80 28
234 625 17
259 37 8
601 54 20
383 652 33
242 656 13
405 70 18
687 594 16
413 55 12
182 268 22
135 328 31
107 532 34
365 461 6
446 176 23
152 322 15
477 420 26
155 284 22
421 79 22
293 373 16
626 516 18
95 531 30
17 304 8
124 447 2
514 234 32
644 202 4
601 666 15
162 49 23
574 496 16
146 82 16
431 645 11
64 576 11
550 583 26
326 286 18
576 408 37
614 266 18
363 585 24
413 451 19
270 130 23
134 224 19
396 85 21
636 567 24
70 86 21
584 622 9
292 98 22
589 609 17
599 190 29
244 464 22
271 371 17
579 313 18
160 235 28
342 289 20
52 457 9
622 672 6
617 190 38
605 76 11
382 334 21
264 364 28
307 403 28
563 109 5
418 455 9
645 597 28
606 400 30
594 92 11
596 66 5
507 37 1
53 301 13
188 614 13
267 508 17
515 448 25
399 6 15
595 594 18
599 173 11
179 313 16
327 64 23
296 680 7
443 604 6
18 76 26
410 1 45
619 651 15
319 512 39
652 587 22
616 144 24
506 54 21
627 454 16
201 3 13
163 197 17
11 441 6
594 122 14
608 431 30
693 73 23
102 186 23
59 649 24
267 667 15
695 545 27
198 348 13
398 188 18
236 634 15
77 210 22
556 159 14
535 70 22
397 543 22
275 493 25
176 121 16
14 414 11
615 608 47
78 18 12
450 10 24
524 8 16
522 187 26
22 36 19
94 689 34
377 90 20
270 419 12
164 688 12
566 471 11
77 56 19
163 380 30
582 576 6
357 203 10
457 531 8
0 297 18
254 130 15
622 348 12
694 270 16
201 10 38
405 361 39
181 30 25
335 72 14
356 667 11
333 425 15
482 578 11
324 351 30
551 189 20
199 203 30
375 327 17
213 214 13
494 86 20
565 296 4
138 412 5
43 340 13
270 480 32
473 226 26
134 342 24
483 208 9
415 195 10
416 417 5
386 350 9
157 364 22
665 129 25
608 553 27
486 131 24
321 391 20
309 297 9
403 284 15
139 111 23
33 330 18
301 46 38
248 116 33
127 194 8
667 311 25
291 425 19
677 282 26
393 553 11
379 616 20
274 46 12
634 636 6
205 23 29
117 239 21
683 160 15
120 445 28
488 143 18
652 184 10
445 89 9
252 587 25
291 66 23
634 667 19
367 346 11
534 315 11
362 368 17
204 12 20
102 538 28
391 12 23
152 548 24
350 246 13
440 394 4
510 14 20
449 680 32
268 671 21
511 352 10
399 290 25
139 260 39
563 347 16
580 383 15
317 370 23
141 391 25
694 470 14
2 271 7
494 256 11
189 351 26
531 444 16
417 201 22
552 387 16
86 615 35
115 98 30
157 628 21
69 3 13
217 24 24
374 529 16
231 526 17
674 507 15
99 233 17
669 75 25
180 485 29
167 151 15
258 245 15
209 199 22
211 578 8
687 160 29
351 353 8
605 235 5
278 122 29
525 535 21
577 478 19
48 162 17
18 294 14
207 693 1
570 464 27
375 8 18
521 397 21
494 363 26
648 150 25
30 146 31
458 569 18
379 684 21
514 375 19
156 18 21
264 204 29
292 354 15
413 169 21
465 165 9
69 396 19
149 29 28
136 247 16
604 495 31
23 553 25
415 241 11
122 442 29
329 437 22
634 283 28
617 131 18
5 607 25
197 446 15
618 223 33
582 80 15
696 243 24
150 59 19
442 198 22
305 528 11
17 531 22
662 66 -4
635 630 23
510 433 17
232 76 24
686 56 25
468 123 17
492 384 39
220 301 27
375 223 21
607 96 31
251 682 12
7 246 18
340 453 26
115 248 10
506 576 20
483 328 13
294 340 26
583 197 6
635 29 20
637 542 12
330 153 27
202 540 29
96 468 20
620 659 16
375 613 26
562 319 11
670 542 4
304 376 16
673 155 26
158 456 21
568 637 11
455 470 21
581 68 12
255 134 17
693 10 13
324 498 12
688 544 14
31 49 37
212 330 23
455 284 37
505 534 14
35 25 1
28 219 25
204 289 5
379 414 18
150 279 29
493 246 25
621 314 9
29 635 23
342 666 12
608 21 18
317 360 20
405 389 6
105 448 16
46 433 21
4 307 16
644 85 9
320 56 30
509 263 33
321 505 10
484 4 19
526 378 23
551 202 28
541 536 21
487 313 16
358 596 18
134 373 23
149 378 21
283 320 11
11 10 6
247 408 22
281 336 36
383 450 26
346 390 21
558 59 21
643 653 11
558 337 11
556 448 14
679 151 23
457 209 13
451 463 34
225 215 23
478 113 18
518 476 26
613 612 29
335 79 35
23 671 14
613 528 18
654 254 16
238 576 27
469 337 23
218 304 24
61 41 14
295 492 13
389 219 20
500 323 27
624 282 17
302 530 13
285 241 23
304 72 28
452 170 14
686 78 9
346 224 11
369 459 28
607 401 15
391 79 4
157 200 16
318 15 20
698 633 30
595 10 17
569 191 15
307 74 22
205 22 7
630 570 22
378 73 25
567 397 19
501 617 8
668 693 22
400 273 24
625 421 26
296 324 21
542 420 13
389 77 14
51 273 29
182 285 5
230 97 38
425 148 25
403 600 10
593 396 21
591 174 16
139 692 22
540 591 15
98 42 23
296 179 20
196 291 9
512 572 7
169 126 22
462 283 23
20 386 29
336 450 11
10 193 28
133 61 16
584 339 26
119 97 11
94 390 19
473 612 17
691 168 19
24 482 11
99 452 28
154 147 36
512 697 31
153 457 20
32 207 22
470 420 14
661 374 13
79 270 24
424 32 2
549 213 36
638 595 22
310 488 13
225 187 18
531 482 18
88 320 15
327 640 29
463 349 23
139 421 11
198 546 20
623 667 12
477 502 16
143 531 18
251 341 18
333 221 20
692 312 10
468 141 25
242 203 27
465 430 19
643 216 16
480 303 10
686 375 26
404 480 17
686 206 6
26 327 26
54 34 6
672 68 1
386 70 19
663 687 28
596 648 16
550 534 17
112 505 7
101 538 4
592 264 17
147 222 10
418 274 10
531 257 20
490 265 18
689 68 3
527 368 24
280 695 19
476 104 19
421 252 18
538 678 11
35 613 32
484 493 22
153 132 23
196 96 13
515 533 27
352 211 18
361 534 32
367 316 21
10 637 15
638 451 7
651 544 17
241 649 14
561 0 12
237 99 25
158 433 25
491 632 40
579 69 29
560 215 31
486 385 42
561 190 20
447 622 18
570 251 22
304 420 19
664 37 11
61 202 29
422 183 16
16 31 16
79 619 27
223 557 27
290 568 25
355 143 18
269 48 22
440 395 21
611 126 18
143 696 29
462 386 8
629 376 19
421 512 21
314 286 19
165 201 20
177 220 24
673 135 32
436 53 30
591 496 12
103 192 22
451 593 26
393 469 38
618 531 16
686 110 18
431 367 23
571 699 18
166 455 16
207 454 12
74 211 25
7 187 21
574 230 9
210 566 29
584 138 21
169 571 18
89 628 15
414 61 21
112 220 10
628 683 10
588 377 8
26 567 23
596 664 27
501 652 22
642 541 17
370 154 23
330 526 23
246 244 25
486 60 27
119 296 17
21 517 22
109 478 22
530 277 6
100 481 15
348 527 17
6 380 15
284 277 17
44 130 13
244 367 11
613 678 28
516 568 36
551 3 16
551 503 19
629 520 17
527 396 15
651 546 30
22 466 37
435 81 20
257 97 13
9 400 26
695 224 19
172 34 24
19 172 25
603 430 24
510 136 6
572 365 23
404 138 20
233 445 18
286 24 6
166 291 23
418 506 6
12 264 28
293 404 19
320 142 15
383 331 29
175 595 16
145 539 14
694 664 24
333 265 23
391 387 19
10 229 22
530 58 24
614 661 14
510 242 9
237 460 21
427 349 3
206 55 24
243 607 24
534 699 26
599 98 27
173 492 23
585 618 36
46 178 8
86 268 22
187 529 4
230 473 11
649 380 12
637 233 7
497 300 24
333 57 32
465 156 21
322 481 22
368 496 23
4 90 22
13 101 23
436 681 20
279 394 21
138 218 14
247 475 24
661 84 18
148 246 17
171 508 23
26 202 8
381 508 17
209 333 17
225 416 21
78 281 28
693 339 20
219 251 19
243 138 36
6 418 16
477 276 24
514 478 18
344 600 24
350 645 17
694 278 18
389 627 15
301 246 13
438 664 31
659 32 26
333 460 13
420 188 17
271 411 27
337 181 26
538 250 22
408 595 30
395 640 2
374 370 16
176 529 6
159 153 35
420 41 36
81 146 19
494 482 17
246 364 20
183 99 13
281 251 31
216 408 24
686 550 29
596 12 40
277 350 21
539 100 25
162 394 18
45 260 28
356 429 10
646 596 22
241 92 7
32 422 18
27 195 15
199 533 18
545 320 29
215 542 25
515 138 12
259 624 24
118 508 29
308 216 7
348 550 20
697 415 22
367 217 25
518 406 12
231 519 14
401 413 11
559 402 24
146 506 16
266 216 20
450 47 20
375 485 14
465 238 24
338 196 13
332 72 13
526 374 18
214 409 34
70 573 9
232 137 18
424 76 17
200 46 31
583 59 10
612 333 26
204 529 21
37 99 13
82 441 15
275 84 22
70 592 15
27 246 8
205 389 27
620 596 8
380 155 26
428 253 24
51 371 22
4 527 30
82 11 18
13 642 32
485 67 20
301 452 3
7 602 26
224 320 15
32 188 4
453 156 32
234 1 24
307 260 21
589 666 21
81 651 13
672 226 25
645 393 24
596 50 15
692 654 11
163 342 9
449 293 15
163 317 2
23 163 31
357 528 26
132 329 20
485 416 16
489 34 26
285 422 20
332 33 24
673 508 14
590 208 14
356 88 19
679 351 10
496 254 27
229 218 24
383 678 -1
567 411 22
502 558 19
564 510 17
230 120 5
154 574 22
421 3 20
456 625 17
563 85 1
254 438 21
444 142 25
576 106 10
252 12 25
88 202 23
233 96 14
312 615 24
269 430 13
652 40 33
510 206 12
340 188 17
312 337 28
508 351 22
297 122 14
38 499 16
76 292 13
512 2 26
608 362 28
440 27 16
302 251 22
40 77 17
280 497 15
149 125 18
160 460 15
690 289 20
583 210 28
191 479 4
421 621 39
276 243 35
89 164 22
541 557 9
383 76 18
355 108 30
560 144 15
36 383 22
255 10 10
501 100 17
230 127 22
205 266 19
540 368 14
27 544 23
264 416 18
223 570 15
407 155 18
3 173 33
32 452 28
682 467 25
276 281 17
602 511 19
75 43 15
548 648 9
16 68 19
61 77 2
8 463 9
105 124 17
592 570 27
592 670 30
58 314 22
146 695 33
88 674 20
553 539 29
523 314 18
29 167 18
352 196 22
197 120 34
312 266 28
433 579 17
532 385 26
501 355 6
617 472 19
106 292 18
390 20 12
386 367 23
466 68 15
48 121 29
303 132 16
526 42 10
120 653 27
74 379 22
113 169 22
35 56 25
347 259 18
155 564 33
15 28 20
21 328 33
662 664 7
550 476 16
30 184 11
482 308 11
633 289 13
430 284 5
470 595 17
389 612 22
688 618 12
261 385 14
367 689 11
493 253 29
148 13 12
346 262 22
314 361 26
223 400 28
86 265 26
578 505 15
424 14 29
458 263 7
676 623 19
185 302 30
381 411 17
52 373 23
493 232 13
279 298 30
84 422 11
391 183 16
191 239 21
376 630 35
212 447 21
95 453 19
216 500 25
561 27 20
575 479 12
404 666 29
220 341 18
443 185 21
584 188 19
107 58 10
8 266 20
190 44 26
198 616 21
625 0 14
106 468 20
640 677 8
97 365 8
48 100 21
580 156 27
628 383 13
137 62 24
547 449 13
2 594 9
6 88 29
211 159 14
656 170 28
530 100 21
17 285 21
362 345 12
254 427 25
371 261 23
499 237 17
155 531 20
168 104 16
342 164 21
628 594 4
580 533 25
58 347 13
302 541 18
257 224 19
449 513 20
505 416 17
619 145 22
177 697 24
524 669 22
60 635 11
130 689 13
574 348 25
318 504 19
47 408 30
644 53 11
208 126 13
210 158 5
466 440 16
604 67 24
576 293 28
54 669 21
253 521 2
689 142 26
334 506 10
682 246 27
563 39 23
450 632 20
139 7 28
610 313 22
325 214 19
626 579 13
271 16 11
681 683 21
136 558 30
478 220 25
589 399 14
224 688 10
505 299 28
441 182 3
672 111 8
137 448 9
156 296 10
480 371 7
209 196 21
449 358 9
376 614 13
693 563 14
608 669 24
167 442 29
697 59 23
423 604 13
365 236 12
417 468 23
208 69 27
502 195 21
681 431 23
240 550 17
463 424 19
584 610 23
572 189 36
237 631 28
122 300 15
437 0 21
184 569 23
68 694 29
652 199 32
279 493 32
213 43 19
432 564 17
157 560 24
386 203 21
458 434 17
94 419 10
129 267 16
452 332 22
137 392 34
87 249 25
300 301 4
403 176 25
582 661 26
417 293 37
360 249 10
141 544 22
682 359 19
13 500 3
213 341 32
221 295 23
601 365 24
513 693 22
467 477 22
458 522 13
143 588 9
144 263 41
449 510 8
692 619 11
434 357 14
79 363 9
7 1 10
72 357 21
652 66 15
320 572 13
625 96 11
22 320 45
42 129 27
618 42 8
171 194 17
86 108 10
294 90 18
117 311 9
676 110 22
163 246 25
291 619 20
383 166 15
74 281 16
362 675 15
77 414 37
94 663 32
451 303 8
443 450 30
23 291 27
339 27 17
667 163 20
640 515 32
171 146 22
369 667 28
213 503 16
27 614 8
165 274 24
609 627 30
324 176 20
347 354 31
173 261 18
486 110 33
357 429 31
609 34 27
81 546 30
697 86 13
644 58 -2
105 537 1
75 552 24
460 344 16
644 423 23
430 500 10
31 472 26
642 303 32
253 502 22
396 294 23
421 697 26
257 610 7
40 305 19
691 574 19
614 671 16
264 445 18
523 417 24
248 672 28
168 566 21
62 696 26
326 481 13
413 185 16
645 132 11
341 693 15
201 462 27
587 172 -3
659 255 11
651 431 5
468 85 8
372 114 12
181 305 18
202 242 23
393 102 16
684 10 18
415 414 16
376 191 1
173 427 27
60 251 27
665 120 7
37 103 21
681 27 20
235 555 13
103 523 35
177 359 26
535 13 18
92 676 19
203 115 17
99 135 8
292 315 28
469 219 18
252 628 37
37 183 26
639 193 15
350 430 7
662 633 10
415 692 12
291 17 24
587 551 13
204 587 8
622 283 5
475 159 7
391 129 27
352 373 31
378 76 8
81 208 25
232 629 -10
625 114 -3
95 275 25
269 515 21
589 84 29
683 507 18
377 107 11
100 395 6
110 532 10
128 174 22
172 651 24
489 46 22
50 236 6
110 597 26
249 104 19
479 638 13
369 189 13
206 548 13
568 414 17
691 668 14
582 481 23
200 406 26
121 403 28
561 520 13
524 128 20
273 355 31
105 425 22
117 110 27
193 71 13
282 103 31
208 266 18
183 79 25
537 220 19
460 509 19
329 37 24
418 413 24
616 425 22
628 93 31
629 191 19
238 171 25
75 81 24
163 493 27
597 579 24
448 349 13
25 270 19
78 206 9
174 244 9
31 58 15
463 533 10
275 251 21
480 352 13
20 229 28
153 582 8
650 677 12
258 401 8
585 286 24
19 357 23
602 294 20
336 259 13
308 86 32
170 187 14
297 430 18
654 111 17
156 569 26
665 465 20
390 380 19
680 344 15
643 576 24
679 163 23
576 559 25
240 479 17
604 219 10
230 85 30
472 567 27
532 325 11
509 559 25
597 512 9
374 383 23
556 19 14
509 388 24
415 309 14
536 497 10
325 424 20
690 615 30
517 160 43
529 508 28
162 662 18
438 511 16
107 9 11
267 15 23
181 612 25
470 385 24
435 57 18
314 459 25
610 267 11
382 193 8
153 392 26
682 125 20
431 271 23
409 0 7
495 69 20
268 169 30
366 601 23
463 318 26
130 180 29
91 147 17
190 547 19
465 552 34
689 292 21
693 202 27
315 285 15
408 265 14
446 392 25
27 487 9
242 665 21
572 225 21
310 229 8
229 404 18
283 39 22
449 637 26
382 71 28
280 8 24
234 616 21
354 215 31
623 175 18
188 595 13
112 554 13
159 189 19
361 580 9
388 638 24
631 322 19
153 188 31
21 46 17
107 321 20
350 391 37
156 580 18
380 462 30
255 614 33
140 128 25
293 36 6
65 623 24
84 381 18
684 541 20
603 604 28
283 458 11
152 400 19
437 461 1
629 560 19
451 12 36
415 260 37
127 412 10
498 371 7
430 298 20
357 496 23
206 187 22
380 172 16
40 389 11
266 473 42
275 556 0
91 148 27
470 621 14
408 496 26
317 622 27
500 696 29
158 447 15
581 480 11
449 100 22
672 362 22
198 30 13
206 200 26
664 107 15
230 476 13
524 624 28
612 526 26
399 201 31
279 389 12
367 542 25
492 477 17
95 626 14
202 66 26
74 183 15
598 194 23
158 220 17
188 355 22
192 273 26
409 185 11
402 462 8
240 30 21
377 455 7
642 609 25
193 501 17
141 197 26
195 271 23
465 469 39
468 454 20
213 85 5
64 665 5
414 188 23
420 331 29
131 104 20
200 409 29
164 510 27
331 324 8
428 271 21
510 16 19
389 297 13
137 504 26
123 547 19
158 175 9
267 482 34
498 446 4
437 167 16
375 458 19
417 18 13
144 101 38
538 110 18
