800 8000
674 283 16
467 42 32
713 728 14
178 772 25
519 719 18
587 23 17
337 296 2
575 235 22
598 65 27
505 269 28
9 471 9
561 188 38
326 409 13
293 622 23
758 753 28
697 318 28
90 26 7
189 775 20
241 419 26
684 742 19
527 619 21
681 475 19
581 614 20
417 584 17
221 118 15
557 560 26
541 146 17
175 121 14
417 674 13
401 106 23
2 192 21
651 109 20
595 248 26
124 13 32
256 296 4
717 185 27
559 416 16
403 287 8
0 611 17
716 177 25
367 772 24
574 771 16
686 73 16
60 298 21
205 171 20
338 248 27
229 715 14
744 675 6
28 41 18
678 438 27
724 95 26
125 280 15
84 367 10
555 517 7
221 446 8
59 271 20
491 213 14
536 617 25
428 12 32
58 95 13
432 590 9
287 571 11
678 665 23
498 523 25
275 573 16
135 30 21
760 572 30
27 583 19
366 267 21
655 250 22
536 558 27
279 345 19
334 521 30
525 619 26
599 735 7
452 529 14
234 637 30
629 234 20
792 197 26
239 26 25
244 313 19
95 692 11
28 357 14
188 571 21
565 638 21
660 376 24
594 121 18
426 289 23
212 9 34
436 681 6
451 735 26
651 470 11
723 54 18
213 8 21
354 522 27
416 399 13
637 650 24
684 398 35
482 732 37
88 49 22
648 519 12
289 162 25
253 795 19
62 341 19
262 233 25
30 715 7
13 785 24
450 659 21
661 259 23
352 434 29
579 499 19
735 313 16
61 402 10
19 699 8
48 93 21
36 136 25
276 355 31
574 788 16
395 593 16
280 245 20
753 394 13
52 484 15
761 223 9
444 700 29
437 439 23
516 634 19
781 104 29
492 603 19
356 507 31
412 104 19
779 518 23
492 4 36
460 490 20
687 302 33
649 41 15
289 18 21
125 613 24
702 572 19
101 596 7
340 658 14
86 599 18
84 760 18
176 364 21
625 182 19
20 610 11
176 172 3
253 107 20
301 74 29
208 497 34
51 137 13
698 219 24
23 6 30
485 767 24
247 96 15
660 679 25
348 567 9
773 748 23
730 463 31
783 797 20
589 138 11
419 153 28
60 81 32
525 16 28
791 620 10
498 293 27
638 448 22
546 763 5
772 588 13
183 786 13
396 716 28
712 436 21
612 54 11
545 682 23
702 600 12
422 222 26
621 770 18
406 464 26
239 421 9
268 630 18
515 155 25
59 467 4
332 574 12
755 31 13
727 279 10
593 618 27
141 542 25
294 224 10
294 185 18
567 111 8
411 191 14
447 502 19
129 389 21
300 277 20
68 448 18
618 740 23
638 398 13
596 584 25
42 190 3
183 331 13
457 132 23
538 524 30
136 372 20
352 56 18
221 452 32
189 592 21
385 139 26
718 393 24
331 184 17
720 356 21
459 372 12
704 452 20
747 448 19
572 292 32
541 733 22
475 498 18
287 145 15
398 587 27
500 376 35
408 571 23
83 479 14
116 105 41
536 642 20
238 467 17
275 721 21
632 787 10
164 582 33
746 147 19
438 87 20
229 14 22
419 178 12
534 169 20
767 327 21
284 549 20
616 389 23
683 611 7
558 184 12
376 100 7
727 278 9
287 322 5
200 90 36
355 473 20
626 479 20
225 728 17
793 107 19
137 465 11
175 657 17
556 489 22
295 684 10
208 670 23
690 716 11
267 266 17
680 288 11
297 25 9
683 316 8
50 229 14
105 436 22
294 416 36
212 458 15
561 622 16
745 16 13
766 510 14
33 638 34
677 441 8
77 426 17
531 697 17
665 760 35
385 321 15
207 465 18
352 83 29
389 177 27
739 61 9
90 615 8
633 451 33
305 255 7
82 710 21
104 792 10
675 499 20
487 97 5
71 99 18
625 250 26
324 260 22
369 526 23
256 390 16
379 46 30
252 76 18
428 778 22
593 681 28
749 536 22
597 515 32
46 460 12
245 19 29
268 478 13
730 99 16
525 487 23
646 398 14
160 355 30
310 130 16
159 47 12
31 704 11
782 332 16
690 91 27
254 797 27
218 132 21
760 251 15
145 498 27
464 36 14
726 376 17
312 150 18
323 721 20
532 630 21
422 603 24
21 626 24
62 798 20
658 469 7
363 377 21
75 18 16
92 642 16
178 415 17
606 306 18
291 178 20
538 370 30
291 677 35
721 223 35
258 597 26
34 646 16
359 713 25
181 160 14
138 695 15
787 605 17
354 730 22
296 787 23
308 637 28
303 555 8
655 336 23
763 764 16
403 191 7
414 645 20
343 254 11
316 652 7
554 492 22
356 662 36
33 726 22
150 677 29
412 493 22
313 181 34
536 578 6
429 341 5
747 199 23
335 630 12
120 136 17
677 766 24
634 605 15
393 372 8
583 341 16
674 712 16
456 750 12
730 741 24
493 714 15
652 616 21
184 397 29
201 550 13
477 455 32
163 397 27
389 529 18
58 254 21
235 403 10
560 196 12
608 315 29
37 704 9
260 476 14
530 710 5
319 104 19
44 157 5
161 54 22
386 700 21
167 412 14
732 782 18
310 532 16
732 366 40
319 251 12
766 747 26
252 781 26
633 453 8
47 618 23
476 429 23
295 596 18
692 41 13
571 558 26
579 333 17
588 355 21
708 348 19
244 474 20
637 572 22
186 565 12
730 641 29
96 172 11
476 451 20
215 24 16
531 661 20
540 390 20
207 308 6
420 724 18
632 246 22
398 639 11
83 419 23
674 425 21
381 665 28
698 271 25
589 525 27
543 45 19
526 794 40
553 256 5
653 103 24
787 32 24
744 463 14
431 571 20
193 696 6
586 721 11
782 542 21
671 594 22
445 204 15
111 336 2
435 255 27
776 256 30
500 293 12
769 152 28
90 417 28
604 423 26
100 597 6
506 335 14
545 697 5
85 456 20
56 700 19
526 427 30
718 374 5
41 767 11
604 203 13
737 440 14
754 740 16
390 621 28
379 141 18
684 550 23
196 206 28
138 679 37
716 739 26
13 183 23
141 101 37
521 96 25
505 191 17
127 544 24
492 47 34
780 797 9
422 107 27
469 757 10
736 112 23
615 97 24
136 99 15
501 31 17
265 27 19
87 567 12
588 504 15
70 248 21
400 237 16
719 480 19
365 210 21
86 109 25
402 185 21
681 419 10
553 389 16
127 291 14
470 142 11
219 21 14
377 378 -2
745 350 38
744 677 7
573 42 14
728 89 26
760 99 20
691 438 19
580 535 30
1 75 17
533 565 24
65 570 14
167 464 20
110 151 11
36 250 20
604 201 22
733 330 30
377 775 20
558 630 17
687 92 15
124 601 11
638 68 18
184 781 26
100 396 2
154 178 14
630 149 16
687 681 35
60 514 14
164 558 23
67 241 30
96 141 17
178 582 30
175 148 30
600 68 16
29 761 30
343 632 32
258 624 7
650 613 29
190 436 21
743 412 15
284 446 3
796 580 23
305 108 29
179 627 26
635 603 9
432 530 27
228 331 19
87 564 22
284 579 22
141 383 -8
392 276 27
678 700 25
269 669 17
368 700 12
328 489 13
210 760 14
208 357 9
89 782 24
652 671 33
392 677 12
470 583 16
524 520 22
559 306 18
172 212 21
772 594 23
490 472 19
694 690 16
74 176 10
3 187 33
230 546 13
278 601 -2
426 487 35
427 332 22
80 550 32
360 588 30
78 14 12
387 325 8
595 506 28
540 167 11
514 207 29
32 88 14
34 294 12
393 257 10
202 381 19
107 275 14
415 448 23
154 166 9
236 694 14
420 359 13
776 617 19
14 209 10
401 325 24
380 84 20
658 342 19
168 465 24
222 430 33
327 635 10
340 60 24
55 700 28
101 366 14
245 756 21
781 127 28
127 504 19
122 737 23
13 312 14
508 272 10
593 240 23
108 170 13
533 211 25
173 590 3
511 4 16
719 126 17
174 535 21
296 28 21
572 660 25
763 656 26
507 52 21
595 127 23
725 366 23
493 758 31
660 693 17
33 670 31
473 217 20
34 549 17
645 604 34
114 194 23
86 35 9
530 116 19
695 316 14
161 38 26
589 487 18
381 344 32
597 258 28
649 69 2
517 23 24
280 648 13
16 199 8
481 286 21
513 98 13
393 231 10
348 556 18
223 229 26
642 538 8
280 412 13
427 754 23
185 272 6
683 14 26
363 617 15
143 313 13
486 689 13
607 751 6
168 84 4
763 161 20
541 94 24
320 431 34
726 32 32
578 427 22
499 268 34
305 252 32
444 500 11
392 235 24
368 96 32
128 163 27
301 58 12
91 516 34
176 253 21
238 506 31
217 450 31
315 510 14
120 417 21
738 632 12
453 90 5
637 761 15
537 342 13
267 100 5
150 532 33
163 109 -3
649 62 20
173 690 20
400 172 28
617 370 23
54 587 13
562 560 33
782 714 21
477 382 28
503 476 21
570 705 22
312 212 18
627 560 20
419 743 17
41 373 24
627 396 32
348 297 22
687 222 4
1 187 29
615 184 8
299 330 23
371 87 28
68 582 20
313 28 28
50 210 19
550 135 9
133 35 25
380 225 38
693 712 16
84 349 2
309 701 29
398 347 16
593 436 16
243 175 24
576 44 26
33 373 17
148 468 23
148 189 26
105 514 7
23 706 13
81 507 20
158 768 4
177 611 15
641 259 21
628 22 15
632 492 26
704 738 21
587 20 17
460 485 12
449 483 19
680 530 10
170 416 23
542 205 22
66 342 31
115 620 21
493 370 15
357 310 17
314 674 26
172 327 16
643 183 17
410 42 9
681 515 17
381 765 20
313 316 34
449 185 7
277 224 9
751 665 15
357 591 12
249 209 11
40 534 18
712 55 21
334 490 22
544 788 34
116 642 28
509 451 1
607 761 5
471 49 22
480 490 26
95 31 12
592 147 18
161 219 19
563 370 26
194 426 39
55 650 4
226 609 22
563 255 8
504 326 34
362 373 19
282 691 23
743 564 15
308 307 34
256 38 25
703 634 22
633 144 12
158 416 22
549 268 32
326 546 29
656 401 14
171 11 16
705 341 11
777 504 27
621 685 8
541 52 16
191 207 24
391 59 16
746 126 19
343 4 40
658 153 31
750 190 22
85 399 26
148 692 9
489 692 14
99 688 23
331 560 25
761 282 15
392 210 16
225 601 11
557 789 14
152 684 22
468 366 16
458 180 4
327 632 33
795 199 24
478 516 8
313 626 30
475 252 16
602 126 24
319 173 14
196 427 35
326 481 21
699 724 17
35 27 40
601 8 20
563 543 25
631 615 14
510 181 9
515 66 23
722 548 30
358 379 16
2 74 25
249 241 12
36 653 9
236 280 11
235 12 18
494 696 20
232 781 24
398 212 15
255 493 5
290 729 25
122 494 30
702 45 21
143 492 6
17 521 24
283 230 24
451 703 25
89 110 18
708 168 23
790 617 22
744 411 19
348 620 17
207 219 32
458 321 11
549 365 18
475 243 25
205 455 29
595 239 30
551 753 31
704 355 20
9 164 22
381 257 25
264 782 29
12 633 30
174 428 14
697 706 24
258 271 29
475 721 8
576 518 31
352 539 16
68 231 21
5 128 20
385 218 15
162 661 7
282 40 23
338 148 11
213 532 25
244 191 6
325 189 7
659 220 22
703 211 19
581 411 28
785 336 26
759 727 31
682 688 20
502 137 22
775 226 28
476 129 29
41 335 16
374 344 36
91 131 21
31 260 19
234 731 32
355 184 29
413 9 33
346 12 24
326 639 20
491 343 27
588 417 24
774 197 20
114 365 25
754 769 19
161 108 17
729 555 9
92 602 23
524 102 32
29 167 22
458 439 33
412 561 13
153 259 41
97 89 33
221 115 18
352 3 14
173 45 20
624 768 24
600 502 30
4 651 3
42 693 28
296 461 24
698 564 7
102 676 17
742 30 13
637 95 13
665 706 25
265 480 30
231 622 17
192 664 32
109 180 32
213 314 21
265 271 26
285 741 26
142 195 18
60 540 18
170 278 29
651 229 17
412 26 9
751 62 18
582 608 22
229 162 7
214 786 31
272 187 24
367 379 25
612 98 21
476 708 19
206 98 17
627 693 15
342 631 17
788 315 24
669 305 21
105 675 14
318 530 17
773 284 6
14 363 25
647 697 17
637 707 12
214 684 13
468 303 29
387 460 13
246 538 17
44 655 23
97 286 17
341 208 18
236 233 22
334 265 24
520 569 19
82 218 15
289 704 22
355 576 33
84 277 21
92 601 17
47 755 11
360 49 22
143 266 19
128 306 12
93 155 9
567 791 12
167 580 16
449 687 19
531 149 17
756 115 26
513 497 15
305 121 23
621 395 18
355 221 19
581 260 24
644 306 17
773 286 31
66 506 18
754 446 19
488 327 19
118 710 29
101 339 15
283 740 10
30 351 10
295 414 27
31 652 17
346 615 2
128 348 27
620 614 11
708 407 15
369 118 13
343 546 17
662 0 12
429 233 32
3 578 25
552 214 13
199 194 24
156 144 11
292 8 30
738 757 26
213 383 14
306 350 0
689 154 11
665 302 35
551 441 13
658 372 19
71 544 19
500 485 26
130 303 5
251 318 14
323 726 31
650 63 7
305 248 3
239 586 32
618 332 11
737 194 30
456 631 18
547 141 15
509 50 14
704 498 27
23 394 28
750 59 25
62 250 18
269 532 4
262 25 12
479 761 9
690 478 20
733 667 19
312 746 25
256 297 6
212 733 18
204 238 33
680 753 18
676 703 19
394 79 9
563 675 31
716 660 17
788 761 6
538 372 8
585 448 34
91 786 34
258 294 24
390 91 22
384 266 6
789 300 17
415 181 17
777 382 24
325 466 22
717 502 26
225 588 16
255 279 5
568 732 16
789 374 16
392 83 5
337 361 17
552 541 26
275 580 15
533 639 24
391 6 0
24 410 22
388 589 18
132 715 19
375 350 10
587 502 33
725 548 18
195 507 18
74 261 20
132 198 23
314 597 29
693 706 19
483 125 2
453 95 18
538 527 29
362 349 25
261 470 28
445 192 16
732 456 14
147 365 24
91 344 27
558 618 18
18 267 26
344 779 13
778 568 27
258 773 26
420 188 28
442 45 19
121 614 9
373 258 19
386 507 23
264 393 10
747 598 28
681 325 15
242 294 23
531 471 29
658 274 22
750 148 14
472 531 19
171 69 23
435 626 16
480 630 22
216 534 17
207 448 10
154 3 23
679 796 22
7 494 31
218 473 10
314 717 22
243 560 16
327 293 14
327 670 21
1 580 24
585 514 22
586 37 28
478 385 15
499 28 11
688 789 10
664 700 28
714 567 28
445 408 22
136 431 23
486 69 5
15 140 18
222 289 31
670 727 26
270 590 14
267 362 19
191 375 13
60 369 18
657 589 10
509 729 7
321 431 15
736 177 15
387 593 26
163 523 27
39 569 21
174 475 26
374 28 15
532 566 16
403 101 26
719 756 16
220 14 24
229 175 26
71 133 17
71 705 26
72 680 -3
782 105 29
743 328 19
767 294 14
748 329 7
518 282 18
501 512 12
699 551 22
731 435 19
1 85 18
243 732 29
132 490 20
72 486 12
600 208 27
611 526 23
574 594 18
677 99 10
1 798 19
137 133 4
18 132 15
544 462 25
374 739 27
758 755 35
176 257 27
672 45 16
734 423 21
580 388 30
296 662 34
293 468 28
705 463 31
512 684 28
359 536 33
554 108 34
543 503 9
116 709 15
27 500 21
777 541 29
149 507 32
780 360 31
83 663 23
797 431 26
195 152 35
18 748 30
317 238 -2
17 171 13
105 35 38
448 456 17
247 791 20
485 253 21
65 174 11
117 665 6
782 13 19
731 531 22
367 617 24
25 596 18
63 91 18
531 748 22
301 740 9
271 343 6
66 433 16
79 666 16
326 429 22
12 465 15
39 397 31
241 328 18
172 218 10
460 343 17
732 540 39
608 13 27
404 11 25
129 342 19
503 379 25
507 400 21
369 160 16
20 747 17
505 208 23
621 714 9
177 613 24
562 235 14
170 503 15
283 745 17
256 188 36
226 207 19
691 766 19
387 152 24
137 88 12
53 502 13
503 306 16
561 355 10
745 560 31
138 48 22
555 464 20
438 694 29
610 548 21
687 283 18
82 83 18
200 473 22
228 36 11
521 773 11
786 228 11
764 266 13
468 581 32
323 225 27
32 331 12
73 672 27
617 103 24
727 322 18
613 438 2
182 331 14
555 215 18
495 740 16
740 652 15
196 266 26
452 278 26
785 362 16
487 283 19
237 5 11
308 417 18
232 461 3
635 113 23
396 486 23
248 692 14
29 235 23
263 254 15
703 331 24
498 96 13
696 344 12
377 230 18
788 536 23
337 403 41
327 771 30
124 446 17
537 68 23
314 527 23
516 357 25
64 494 24
597 638 17
335 216 2
693 184 33
430 687 22
627 2 15
169 266 15
582 673 10
474 672 26
540 238 15
123 214 15
528 540 18
174 24 12
679 387 37
24 117 4
575 489 20
649 474 18
304 457 27
696 791 28
173 688 14
105 512 12
18 667 25
728 559 25
454 494 43
665 183 34
528 397 18
597 304 13
410 213 14
157 785 17
476 33 17
674 310 21
487 558 24
480 334 6
739 492 10
17 337 19
422 3 32
373 643 27
186 216 24
78 437 29
294 117 11
28 121 23
232 259 15
204 127 14
56 220 24
441 151 21
174 700 29
207 0 30
93 220 19
107 791 20
331 401 21
485 734 31
527 172 13
281 678 12
706 105 4
136 183 25
390 689 19
278 675 23
228 445 22
207 46 25
541 200 26
38 729 21
13 737 17
694 74 13
394 327 20
199 72 30
627 552 19
501 574 21
63 265 18
55 321 14
500 639 22
372 591 17
618 606 18
216 362 15
264 431 3
390 634 30
325 777 5
761 638 12
706 323 24
6 107 19
491 90 17
221 325 26
691 392 39
359 227 16
172 313 -1
429 622 17
96 775 19
274 27 6
167 406 11
611 743 25
380 194 32
471 593 16
449 587 -1
477 492 16
102 51 24
641 188 25
512 445 21
71 310 17
756 207 18
493 484 15
555 240 18
426 543 18
794 290 9
145 773 21
687 767 18
334 308 38
672 701 33
405 88 24
15 630 22
284 678 16
677 580 27
401 258 16
345 162 26
766 420 16
680 689 -1
775 243 17
59 303 28
297 428 11
166 545 14
666 219 26
228 74 23
141 479 4
478 593 16
44 266 21
675 95 12
190 63 25
452 586 4
41 742 24
117 44 16
201 235 11
632 679 30
22 239 15
756 446 18
151 12 19
433 599 18
276 74 28
774 43 31
192 63 12
543 429 21
12 766 12
593 169 24
55 233 17
63 457 7
433 193 25
37 71 29
740 462 19
408 672 29
243 432 17
144 661 16
738 434 28
563 346 14
559 230 0
15 111 11
611 402 11
379 568 18
674 266 20
281 58 16
652 247 16
566 351 23
407 723 21
761 627 19
333 288 25
685 792 18
281 29 29
87 273 35
57 274 32
375 789 15
514 51 34
570 545 -1
4 35 13
276 655 18
233 667 29
451 384 8
562 355 37
721 19 15
31 246 13
349 43 26
407 613 26
351 125 9
639 337 13
678 774 26
451 232 21
192 473 12
661 647 25
8 119 21
207 620 17
368 712 16
84 317 16
292 1 19
124 428 29
785 783 23
128 530 40
436 738 19
531 260 25
149 628 22
100 263 19
745 195 8
28 50 22
391 407 12
596 320 10
570 336 23
616 724 17
180 236 23
381 331 17
367 203 16
264 324 19
783 458 26
474 19 19
738 332 23
638 505 20
671 308 25
23 271 16
329 328 18
5 28 32
451 230 15
195 332 29
693 371 11
94 728 7
503 582 25
535 670 28
362 790 24
67 497 10
56 179 6
343 705 17
297 145 32
88 421 8
177 56 23
751 435 24
708 694 33
138 571 11
671 751 18
90 669 19
233 330 34
587 329 31
435 304 11
98 227 21
376 395 6
638 799 18
315 264 18
121 549 8
333 309 22
550 526 21
37 227 30
626 100 22
8 388 13
452 261 13
513 141 6
574 417 16
711 245 12
635 503 5
443 52 9
561 763 28
767 35 29
366 765 22
116 41 19
670 325 18
398 624 11
18 683 25
87 770 26
104 41 28
148 540 23
32 369 40
543 747 23
115 531 19
13 466 30
583 39 15
99 663 21
728 275 11
74 450 25
575 530 14
250 731 5
175 305 20
731 362 15
724 373 19
649 701 3
431 205 20
411 313 11
673 489 7
377 338 14
444 525 23
19 478 16
272 468 14
294 627 24
677 325 18
791 363 11
573 255 21
791 98 27
20 558 15
479 694 32
609 658 21
51 454 8
116 319 12
673 52 7
504 439 33
192 322 11
560 177 12
243 120 10
603 789 14
741 284 18
497 382 28
173 87 28
101 54 24
201 246 22
35 380 18
486 605 2
80 334 24
271 506 3
472 287 31
581 131 -5
225 210 12
196 262 19
279 600 11
522 253 23
355 155 15
667 256 17
358 662 21
58 132 19
772 6 6
216 198 12
651 203 23
718 158 -1
646 129 20
148 662 10
341 508 22
401 667 21
306 548 6
148 795 12
784 273 9
116 551 14
252 335 21
276 17 17
510 540 17
739 687 14
694 709 35
341 502 18
97 108 13
589 767 23
786 132 21
629 196 27
667 594 29
482 195 13
708 206 16
50 666 17
144 447 34
226 133 28
662 465 7
139 692 29
447 790 23
157 587 26
114 496 25
267 297 9
79 46 17
200 608 12
421 788 12
185 669 9
205 103 9
307 369 16
185 465 13
442 674 16
69 461 7
175 168 29
292 665 38
79 519 28
191 663 26
72 734 29
187 512 25
718 298 28
402 481 17
630 265 20
238 527 29
318 473 25
146 373 22
176 218 41
732 77 12
158 15 34
675 581 25
229 252 21
153 315 20
524 169 13
744 33 1
612 29 6
502 793 16
359 611 28
578 184 25
250 136 17
6 7 23
333 58 11
437 285 23
727 234 29
124 102 6
156 298 23
34 254 12
660 689 7
396 46 35
248 543 33
551 60 21
632 214 15
534 443 17
553 4 23
401 769 26
326 63 23
610 374 13
118 321 24
169 182 29
41 199 16
452 80 13
262 95 22
492 798 21
535 281 25
668 415 8
688 446 13
751 233 26
86 571 30
382 195 26
473 94 24
637 165 19
400 280 40
505 763 23
192 795 29
762 515 9
642 382 28
773 763 19
522 645 15
207 723 19
470 290 2
472 548 18
558 680 17
660 434 23
325 334 29
242 567 21
245 139 30
665 669 17
325 24 16
365 639 31
612 17 16
777 716 9
556 212 7
323 580 29
513 607 40
557 408 27
338 213 22
272 205 -4
308 282 28
432 665 19
748 690 39
781 388 17
3 325 28
669 648 21
593 158 16
533 785 28
468 102 15
383 638 23
668 270 26
562 578 31
728 751 9
298 703 19
25 528 20
76 214 17
242 623 24
66 511 34
387 618 25
400 482 34
148 1 36
467 154 27
185 599 11
577 20 16
429 785 25
493 112 16
601 340 16
129 478 9
492 650 6
3 706 13
129 702 24
115 337 25
606 602 17
713 209 27
561 528 14
249 348 25
147 142 16
752 189 31
6 455 25
149 368 -1
568 721 5
555 326 29
480 545 4
619 766 24
605 688 3
364 557 29
668 569 32
701 662 25
100 373 29
774 594 19
9 197 26
524 137 6
104 439 32
711 447 21
561 295 24
596 673 17
252 147 25
459 240 16
239 633 14
378 638 32
55 605 26
557 783 30
523 416 22
7 281 18
77 361 34
72 67 27
74 704 9
646 777 18
663 653 19
725 790 19
404 317 26
2 775 22
174 397 19
114 487 23
93 90 28
141 759 16
128 450 40
375 689 19
263 82 15
730 182 12
102 81 26
549 144 26
223 365 23
136 263 9
2 478 22
466 674 18
386 711 9
451 496 26
541 287 22
337 362 30
336 668 23
621 49 10
793 606 19
12 792 23
670 238 11
96 734 28
415 41 26
453 347 14
391 30 11
130 190 28
535 300 6
556 350 8
130 211 27
233 796 22
669 514 14
74 271 32
70 568 27
497 62 29
740 530 19
275 5 19
464 410 20
478 28 16
628 2 9
671 652 17
189 382 9
790 20 18
143 481 26
747 51 39
535 31 17
126 86 16
395 78 27
652 63 25
524 295 16
169 66 27
613 357 17
581 610 11
299 612 20
521 312 23
796 3 24
793 204 26
738 162 17
241 249 14
623 708 32
649 365 25
704 494 7
338 70 21
252 453 41
280 149 28
340 435 14
512 382 33
279 510 25
323 642 17
258 40 17
289 164 18
783 251 18
508 468 16
723 288 23
647 126 17
320 255 21
205 20 29
248 483 25
319 302 19
187 394 6
677 514 13
82 239 8
208 84 5
83 622 17
423 797 29
733 294 0
143 390 24
216 631 15
260 744 4
55 356 26
799 466 18
503 722 14
367 514 25
8 564 14
3 609 35
671 465 33
790 585 24
181 563 13
196 110 14
782 382 20
300 567 22
694 123 26
134 416 15
65 242 20
37 84 19
177 432 9
308 401 21
558 482 23
219 295 26
204 760 17
378 153 13
42 707 24
10 505 16
559 534 14
225 79 15
525 231 19
587 531 -5
160 367 22
147 590 13
749 486 18
346 669 12
133 519 17
60 589 17
129 626 3
176 383 22
581 516 22
518 357 22
639 352 28
552 67 18
326 41 23
571 494 31
573 613 9
701 432 22
310 123 20
562 149 30
131 37 21
422 191 18
773 295 17
85 773 10
144 465 2
210 664 17
496 165 24
556 269 3
659 746 19
787 668 28
544 174 9
317 630 17
223 57 15
242 284 22
465 682 28
38 463 12
692 525 27
245 53 18
574 739 24
549 83 12
127 734 14
200 308 21
161 609 25
249 288 28
617 387 22
188 485 26
469 781 21
32 434 17
287 162 12
102 712 15
157 762 16
430 397 13
664 558 14
321 246 16
620 585 10
231 455 10
326 86 1
598 643 3
632 537 10
143 53 25
9 254 28
152 560 21
342 704 16
436 204 26
504 493 9
533 613 26
339 267 22
232 574 26
398 362 18
708 741 12
1 676 25
139 144 27
13 781 14
449 205 28
651 426 16
313 637 26
398 309 25
539 748 16
614 635 15
105 604 17
87 11 3
171 572 28
539 774 14
181 698 19
231 734 15
582 72 20
267 314 18
389 218 30
636 528 26
104 777 18
601 270 31
183 34 20
51 690 18
31 539 22
456 298 4
540 697 30
46 248 15
21 130 31
21 524 31
122 350 25
742 747 27
263 665 23
360 171 17
576 126 30
56 180 41
565 636 19
206 159 16
285 517 6
444 474 13
476 746 33
286 376 9
378 144 16
182 691 25
179 476 18
284 685 20
799 96 19
126 267 15
615 50 28
6 100 12
636 645 18
88 770 34
345 787 22
464 639 28
5 308 12
775 40 13
175 676 20
208 617 4
460 30 12
209 162 17
683 640 13
467 311 25
334 730 21
153 285 29
539 663 16
291 414 7
767 615 18
648 307 10
756 377 21
132 771 11
245 636 11
579 353 18
139 340 20
96 684 9
3 446 15
239 664 25
59 105 21
575 136 31
251 490 24
155 437 27
789 246 19
485 327 13
293 485 8
507 281 1
721 369 38
609 485 19
612 365 24
196 204 17
118 715 24
134 199 5
224 371 21
233 244 24
363 285 33
536 634 15
390 470 35
351 217 12
650 17 31
359 135 19
478 618 18
376 691 12
645 736 20
590 645 25
532 133 29
623 2 23
562 503 16
769 632 17
164 312 37
68 208 23
320 670 28
304 437 24
275 293 27
189 378 18
693 686 21
17 462 24
661 401 23
141 216 20
240 407 32
556 447 27
681 38 26
257 605 26
747 646 25
408 638 16
76 479 21
440 775 25
648 243 39
208 239 16
450 95 32
718 328 23
283 668 34
1 587 11
465 137 26
652 662 20
726 459 39
730 351 17
497 86 36
603 755 27
563 161 22
486 723 29
383 757 23
386 497 14
468 208 29
745 640 10
492 24 12
646 137 32
733 647 9
238 149 18
59 777 14
451 111 16
274 412 17
205 549 6
456 240 17
417 519 25
190 616 12
348 198 23
270 279 5
583 374 31
299 611 30
658 779 22
454 357 20
442 543 13
260 583 2
228 618 13
74 260 15
577 40 21
724 746 16
715 343 25
439 315 29
759 125 25
110 271 8
339 179 16
711 797 22
556 240 23
749 747 25
275 333 17
593 268 28
140 65 25
419 582 16
40 588 -2
647 374 23
699 395 21
448 26 28
439 410 26
278 122 32
504 745 20
0 308 11
227 587 11
12 439 27
482 97 5
631 542 23
423 236 25
794 343 30
238 274 31
612 704 15
64 537 20
451 139 12
717 138 13
442 122 -4
718 495 28
394 611 23
427 692 18
11 108 22
336 457 10
337 207 15
567 733 0
681 759 18
233 180 40
747 196 24
6 323 3
429 288 19
71 16 15
184 129 30
600 754 23
448 534 38
636 481 11
797 103 12
217 8 25
346 698 27
34 250 -6
239 198 5
553 660 22
433 342 25
535 520 35
748 201 15
331 572 3
166 91 11
600 625 17
399 506 30
535 583 26
745 374 14
422 43 15
281 14 25
390 597 19
519 28 27
180 280 7
686 468 30
761 390 18
99 605 2
389 565 19
499 46 16
782 536 15
224 484 25
385 289 33
92 83 20
359 373 37
305 799 19
645 628 24
175 249 27
358 224 30
512 263 15
407 533 7
291 771 24
621 700 19
505 655 15
158 596 20
492 481 17
568 122 15
541 125 31
104 525 25
26 254 17
426 90 25
778 643 8
697 43 13
192 243 27
445 499 2
636 302 24
696 64 19
70 361 18
493 658 4
743 600 20
260 528 18
395 459 16
331 130 16
310 646 28
416 468 24
681 510 31
613 466 10
412 185 17
235 778 10
676 145 10
522 236 6
76 785 26
548 588 3
733 246 11
46 331 25
132 344 22
441 12 20
86 532 22
678 124 26
685 283 17
562 514 33
58 655 20
709 448 16
763 76 18
147 151 24
455 125 6
439 653 18
304 420 25
762 680 13
480 47 2
715 753 31
285 36 6
501 756 13
554 478 31
190 503 4
525 197 20
234 361 18
168 697 -1
273 404 14
461 5 15
594 387 19
394 457 20
182 229 19
163 660 18
18 8 13
314 169 46
323 94 19
297 698 13
336 85 17
234 261 19
297 661 22
312 6 25
568 295 18
599 478 26
700 401 14
279 76 23
730 697 16
547 192 13
645 104 29
289 285 17
73 177 22
156 222 16
647 336 16
579 729 25
101 573 19
172 703 5
528 38 33
614 543 1
363 283 23
414 765 15
351 131 8
731 197 8
345 408 24
300 92 30
1 201 20
746 474 17
454 210 25
628 61 19
296 48 27
757 524 16
283 62 25
252 112 13
645 707 19
437 509 20
25 40 19
69 84 20
272 375 29
683 266 16
175 156 20
0 263 31
133 167 29
345 676 14
523 360 11
737 524 17
661 142 33
464 135 21
173 616 12
117 218 6
598 566 22
66 280 14
665 131 24
205 707 13
247 595 20
510 4 18
268 708 12
245 117 29
27 399 23
251 202 19
244 499 10
736 466 27
123 549 16
437 358 28
424 16 31
295 38 26
437 350 19
51 263 21
615 123 24
692 111 15
173 119 27
765 632 32
672 194 19
699 45 34
275 708 21
21 341 22
444 563 23
744 707 17
676 670 17
280 462 13
168 88 17
31 41 10
560 340 3
241 666 35
526 646 17
348 538 11
350 136 31
521 595 14
134 209 8
634 63 16
532 191 11
396 655 21
132 590 19
628 353 21
26 159 17
708 489 20
641 594 27
772 392 29
372 491 22
26 503 35
224 416 24
751 218 18
656 69 21
499 108 25
174 740 22
696 424 3
4 562 14
32 125 23
11 198 26
389 44 13
291 376 26
63 424 9
248 706 15
155 470 20
584 397 24
415 705 18
219 512 19
435 602 19
562 165 16
640 665 23
414 790 13
707 427 18
87 562 20
625 178 13
451 760 13
443 349 12
47 681 23
524 723 9
786 330 20
647 393 13
335 703 20
651 582 14
592 81 11
720 518 19
493 393 15
233 468 12
741 466 14
194 653 32
363 261 21
122 660 19
485 5 30
733 130 26
300 17 27
41 381 18
356 163 17
307 715 31
486 445 24
244 503 19
624 134 12
607 670 31
0 5 23
291 448 23
763 254 18
526 653 26
115 379 28
771 617 14
66 486 30
131 585 8
526 556 29
262 179 29
165 155 18
544 705 18
320 419 26
414 318 20
449 345 8
136 134 23
89 246 19
744 410 34
668 474 18
449 75 28
257 419 16
322 731 21
428 531 43
737 265 16
257 553 13
249 587 32
392 644 20
648 348 20
725 137 19
165 298 15
771 412 21
129 83 25
622 363 17
782 677 13
369 265 24
238 758 12
69 393 34
259 41 27
269 752 12
139 6 7
660 452 22
574 104 8
209 561 14
47 185 24
770 321 35
234 120 17
786 642 31
469 86 19
404 196 20
752 756 16
7 600 12
471 390 20
498 113 24
252 466 17
38 390 27
623 625 28
449 558 23
792 333 28
263 674 20
793 417 21
553 573 13
270 220 13
511 351 22
782 509 21
527 293 20
233 23 14
421 754 33
329 366 27
27 746 12
243 248 18
370 111 26
23 599 22
223 752 16
178 183 33
786 558 17
760 553 30
138 726 14
143 409 25
263 288 17
750 699 13
627 102 11
36 594 12
328 72 5
604 615 31
732 22 16
575 106 12
220 388 24
452 383 37
13 306 18
786 717 29
463 75 28
629 603 33
98 570 15
582 379 15
477 704 34
573 50 8
376 794 19
706 756 7
628 535 12
190 148 28
245 555 3
378 511 28
321 467 18
745 285 14
720 296 25
631 13 19
694 181 21
174 271 14
799 253 18
1 197 28
6 333 15
77 340 24
737 710 25
665 769 16
674 442 19
725 150 6
419 528 11
605 268 24
44 312 20
141 630 34
652 660 32
412 615 38
296 242 12
70 393 13
235 571 11
268 395 17
731 123 28
203 261 28
213 371 16
112 300 23
321 555 17
104 59 -7
422 777 28
237 95 18
618 688 19
626 371 18
145 182 13
282 521 16
33 458 26
440 642 19
353 50 12
758 264 9
553 704 8
386 742 25
249 733 18
553 138 0
200 577 24
102 357 23
744 217 19
602 202 35
50 542 13
751 698 29
455 143 21
492 338 24
82 212 29
334 736 11
259 178 34
251 23 31
67 64 27
583 174 29
110 495 15
160 76 11
415 362 23
424 488 15
353 446 27
578 535 16
134 717 30
44 340 28
20 561 21
465 763 18
522 254 14
265 752 8
770 476 26
405 570 11
187 162 19
10 76 18
303 4 7
408 355 15
376 382 4
341 505 16
273 208 18
82 464 8
469 374 16
788 250 16
664 167 20
725 249 8
563 371 20
701 729 21
386 724 15
113 305 12
126 248 22
290 767 22
566 349 11
201 287 13
280 116 28
682 337 28
263 161 21
51 663 15
579 280 5
347 179 16
390 226 20
549 781 18
547 117 19
700 651 30
775 383 34
694 599 18
698 124 6
435 732 8
106 412 16
200 427 32
216 403 8
656 374 13
693 262 26
95 29 -5
524 43 15
326 405 13
255 331 13
512 374 16
108 705 9
148 537 31
746 667 24
530 378 19
330 631 20
178 439 24
600 423 14
666 622 31
24 461 15
630 578 34
203 383 15
0 503 17
9 67 19
343 753 26
295 83 19
137 25 15
528 26 21
203 119 23
749 149 21
61 536 17
517 52 10
259 397 14
373 587 16
374 91 21
739 685 16
200 540 23
322 161 24
397 748 17
675 799 7
771 330 16
556 176 22
627 790 16
576 785 6
561 787 14
443 367 26
121 613 17
213 427 14
434 116 22
92 662 21
620 135 16
284 758 35
579 265 24
56 511 18
571 199 19
111 283 35
675 784 23
666 450 13
20 659 19
714 738 31
689 644 16
172 759 20
167 22 12
646 563 17
268 609 30
441 23 8
768 349 6
798 695 24
208 37 20
171 602 13
496 405 28
589 151 18
126 492 18
269 761 22
36 202 20
14 295 13
521 370 21
780 546 10
333 152 8
131 434 22
690 747 6
342 155 24
549 716 33
390 657 9
736 191 11
235 220 23
99 619 29
409 661 19
218 661 11
650 191 7
665 31 17
0 730 20
421 122 23
507 685 5
363 502 19
128 326 9
515 359 -3
350 533 27
516 7 36
741 535 16
751 263 31
577 651 17
385 490 22
750 191 33
152 277 11
35 242 24
665 717 22
227 733 21
529 521 13
214 154 14
247 651 24
329 761 30
478 356 16
738 631 12
791 410 32
510 333 34
679 462 20
254 233 12
55 492 31
158 395 29
572 389 16
113 648 14
179 426 6
392 36 31
69 687 5
749 790 17
162 73 10
642 135 32
295 432 14
260 787 26
474 541 15
395 709 20
298 460 8
489 543 14
593 507 19
72 399 6
595 745 16
79 59 45
702 759 18
379 54 11
586 202 4
620 313 8
213 389 12
419 314 17
334 230 27
575 199 25
265 576 32
240 492 26
677 753 10
555 87 24
382 407 12
440 368 26
776 244 19
684 639 14
729 676 11
404 636 22
528 70 20
550 494 6
521 343 8
475 737 16
533 232 19
393 681 16
17 641 23
702 194 20
472 147 25
451 280 33
183 669 26
754 229 14
318 420 19
231 527 9
534 367 13
776 433 13
543 425 20
119 91 12
483 705 9
526 110 25
213 5 26
325 94 15
180 231 4
78 586 21
647 400 14
760 391 26
405 395 4
771 213 24
8 293 36
35 529 21
572 204 8
778 416 20
689 748 20
33 205 11
769 485 15
460 75 18
215 160 17
717 142 29
794 340 16
775 85 22
569 690 15
50 374 15
503 264 27
368 703 29
541 196 16
253 690 17
605 117 29
138 301 17
87 227 23
775 105 34
238 387 13
172 687 15
670 529 14
422 91 7
464 446 4
533 369 7
358 551 25
681 80 13
26 268 15
333 553 36
689 618 27
520 352 8
439 484 18
663 202 26
4 637 20
310 270 21
59 91 39
527 757 14
159 217 31
244 206 22
29 157 29
755 517 33
62 774 23
4 618 13
242 617 18
245 745 25
416 253 6
494 256 17
277 87 11
166 413 23
578 305 24
215 334 26
3 624 27
730 149 19
673 762 25
542 130 32
44 23 18
301 26 33
670 19 14
779 435 21
380 793 27
216 469 12
789 729 9
235 666 32
738 770 9
118 13 22
422 40 30
614 79 16
302 191 16
770 781 15
144 797 10
201 714 18
717 155 11
694 763 13
432 148 18
797 485 11
494 229 32
333 161 11
165 555 9
365 728 19
127 423 21
324 620 10
128 679 10
44 150 39
329 198 2
497 93 22
361 660 17
173 341 28
326 162 11
659 655 4
303 499 23
629 125 25
522 198 23
196 362 21
344 175 13
615 290 10
181 438 12
269 341 20
414 554 22
427 770 18
250 446 31
421 50 28
1 397 26
444 566 31
130 550 8
413 178 40
642 790 12
73 263 28
645 414 21
90 753 21
324 444 15
404 656 30
205 2 25
534 558 18
54 15 29
85 197 29
181 590 25
322 443 34
470 596 15
544 771 17
185 588 19
28 53 22
786 600 19
760 221 32
591 767 22
705 368 19
636 700 7
767 769 15
781 499 23
559 528 26
196 618 13
180 650 26
284 144 27
44 569 15
228 232 16
286 341 26
607 510 27
308 240 14
432 371 34
501 379 10
226 560 20
777 240 19
611 478 17
395 311 9
570 14 18
528 192 23
272 313 19
512 520 24
421 456 14
571 446 17
291 683 18
500 536 13
566 392 9
793 147 22
356 358 11
214 25 18
3 646 11
92 356 24
371 583 19
753 30 11
348 10 13
248 2 30
82 144 19
461 575 8
752 287 20
296 756 26
543 797 14
471 661 11
750 275 26
485 132 31
696 426 12
410 1 16
639 390 25
289 152 39
236 586 15
44 173 25
139 689 28
591 102 19
132 8 26
604 110 11
96 221 23
663 468 18
586 493 29
746 361 31
304 508 23
557 703 4
776 381 22
499 126 18
70 160 26
401 493 9
651 699 27
760 709 13
332 337 19
394 636 23
229 35 11
317 236 23
386 790 12
637 255 17
279 181 28
593 180 14
709 396 24
411 664 23
662 456 15
225 616 22
780 112 29
751 394 30
178 31 5
422 493 14
24 350 10
446 633 15
167 452 22
87 425 30
710 139 18
102 587 18
165 621 27
94 701 30
413 201 12
649 432 26
338 574 21
782 200 25
465 750 15
445 502 15
48 581 5
313 31 32
284 411 28
748 734 28
621 611 15
521 640 14
36 399 21
280 182 13
378 429 18
275 113 30
754 378 31
489 790 24
242 169 30
3 604 18
334 465 20
746 357 26
788 385 24
258 603 14
32 636 28
323 511 22
343 259 25
169 544 12
475 177 17
684 796 30
270 711 19
197 186 23
754 425 16
73 754 12
788 512 33
195 240 37
232 596 20
412 402 26
400 562 18
565 293 39
244 326 11
425 11 4
585 578 31
77 407 30
268 725 18
178 462 19
453 437 40
543 263 20
359 437 14
153 428 7
332 526 18
28 791 22
602 570 17
192 501 20
130 531 14
439 741 24
253 216 26
171 58 22
527 521 21
38 310 18
187 202 24
684 389 22
723 336 11
648 677 20
205 568 18
114 144 27
100 17 26
253 658 24
121 15 25
564 74 26
794 134 6
671 582 17
189 429 18
61 458 19
35 700 24
554 457 15
375 109 27
376 234 22
366 222 32
535 131 23
423 524 24
547 717 22
492 407 44
785 645 20
753 201 31
673 1 4
634 558 17
154 134 18
185 350 21
186 170 13
329 786 15
558 747 22
528 203 21
260 468 20
676 756 18
417 737 23
516 249 18
630 505 26
62 142 16
477 312 5
457 414 11
302 228 9
355 588 16
562 532 22
320 46 12
301 113 20
666 474 13
566 657 17
565 749 13
193 303 18
607 517 1
431 235 21
262 289 15
48 568 12
412 426 41
110 698 19
220 236 34
45 294 19
425 307 30
791 106 19
137 450 13
39 24 4
399 94 31
663 377 15
617 382 10
75 487 15
706 377 8
503 753 26
322 744 15
48 576 32
352 777 19
98 9 21
601 185 12
760 408 24
662 282 18
274 489 20
363 173 29
110 425 26
339 793 13
129 153 12
311 514 19
669 267 21
230 785 15
747 482 26
412 114 34
713 685 14
408 316 21
176 643 11
678 419 18
278 162 19
617 443 26
631 531 15
622 714 4
29 186 9
61 731 17
359 587 12
751 553 27
101 684 16
523 454 27
642 659 30
497 52 6
750 274 26
548 359 11
436 133 7
42 614 18
273 312 14
546 341 23
572 482 29
137 611 18
120 610 12
302 570 10
11 161 13
264 442 11
653 426 19
588 185 20
468 16 24
658 391 21
558 751 26
662 375 21
204 502 17
572 262 19
287 17 24
342 653 4
298 568 19
570 32 12
23 293 15
310 450 30
168 31 30
584 385 25
186 208 31
699 577 16
791 64 16
733 229 29
431 588 23
459 91 5
698 367 19
346 67 21
29 747 23
60 462 23
231 705 21
345 321 14
589 403 16
24 338 5
148 360 19
373 73 27
485 200 25
266 608 34
88 252 22
648 195 24
642 608 13
767 405 21
647 139 28
633 284 12
384 214 22
733 560 21
656 774 7
468 723 21
341 792 15
766 389 34
433 595 15
428 75 27
624 647 13
220 748 21
776 88 15
459 194 25
610 569 20
411 580 36
602 279 17
394 520 17
85 606 28
436 213 31
96 60 15
266 163 23
502 578 4
219 542 18
440 194 24
652 515 15
308 337 20
705 161 13
439 356 25
278 150 33
54 356 18
707 469 28
122 794 22
381 8 11
396 450 10
238 680 18
521 194 24
675 194 26
366 509 20
750 758 25
706 411 21
537 308 24
534 355 17
682 640 22
100 576 16
544 334 16
466 254 13
277 646 14
494 493 30
315 65 24
656 509 14
289 329 13
573 480 23
173 60 28
159 300 25
225 266 14
240 469 28
57 754 17
366 182 23
328 616 11
709 457 16
608 434 34
10 9 13
40 325 17
508 727 20
485 620 28
131 786 12
724 289 19
435 349 27
619 18 22
519 662 4
693 499 25
772 340 15
407 728 18
791 736 17
781 791 17
407 327 22
344 501 24
296 307 12
761 615 14
66 142 22
131 183 13
774 238 7
416 431 24
74 189 21
620 439 10
395 693 28
253 119 21
146 432 19
275 334 19
246 445 22
481 486 14
755 404 12
208 41 20
527 719 17
481 565 31
185 360 9
51 470 12
683 510 12
122 588 30
745 720 22
455 11 7
481 479 27
356 565 9
458 528 19
86 385 26
71 103 19
59 695 21
355 589 10
363 18 31
725 747 28
185 412 19
155 12 20
689 596 19
64 286 19
345 171 15
599 689 30
177 66 6
703 246 14
725 685 35
286 0 25
503 210 21
104 678 26
711 714 27
344 414 27
109 159 6
243 387 14
779 268 19
297 368 24
413 416 29
661 419 29
218 602 13
26 538 17
658 749 17
545 779 16
87 779 17
552 114 8
302 325 15
500 308 22
165 420 27
350 418 14
587 629 21
489 782 33
711 755 15
450 557 13
377 494 22
766 22 31
670 583 14
448 385 28
394 113 12
626 361 28
428 721 28
200 650 15
655 319 35
131 322 24
565 386 40
585 403 2
92 471 33
47 191 23
251 75 34
465 586 23
259 59 18
758 412 17
447 91 16
782 572 7
694 747 19
661 629 6
742 515 13
463 692 22
520 168 15
108 615 21
17 596 13
547 447 7
204 785 17
696 718 23
194 574 8
119 617 24
20 40 21
312 423 24
189 242 7
795 0 19
402 493 23
235 367 20
35 352 24
285 272 23
249 416 10
719 578 20
439 120 25
523 293 12
412 578 29
547 603 16
701 204 16
724 491 22
556 404 21
404 80 23
75 432 17
54 60 34
536 539 1
338 451 20
601 284 18
621 338 6
42 528 24
514 644 18
715 491 24
689 455 8
363 757 17
680 654 11
524 223 19
348 625 8
458 393 33
337 424 18
600 133 22
146 244 25
332 188 24
173 675 19
258 115 10
660 320 25
268 218 23
366 37 21
654 684 15
523 268 20
707 728 15
643 628 16
673 542 17
316 540 28
58 624 21
61 530 6
560 280 7
269 113 12
345 452 5
425 122 13
469 395 13
665 290 15
211 764 20
50 273 11
718 0 21
747 467 26
453 300 28
289 792 3
286 474 19
445 229 10
91 66 19
67 589 17
740 1 20
618 30 11
301 788 9
355 254 25
589 659 17
583 48 21
424 640 31
304 294 35
619 150 8
356 621 20
591 413 9
528 723 15
681 77 25
623 393 28
708 179 13
227 66 12
298 714 23
151 689 11
410 642 12
549 558 15
208 317 20
491 561 6
705 684 15
470 469 16
61 341 19
103 361 18
553 356 21
356 25 32
466 317 23
365 227 30
539 291 13
19 577 23
418 677 20
433 709 15
174 73 23
462 669 25
298 63 25
334 114 17
660 608 5
565 593 33
484 786 28
594 744 26
366 495 27
602 625 27
518 695 17
183 175 15
558 239 14
489 641 21
552 633 13
688 531 35
611 506 19
57 477 27
206 438 9
375 702 25
82 515 12
138 724 28
402 556 31
475 799 18
172 76 19
763 610 29
150 47 26
777 2 14
227 148 19
747 452 7
30 428 10
113 402 20
140 28 27
598 695 10
684 118 6
480 318 27
215 100 30
221 502 21
257 701 2
742 80 30
152 333 18
542 735 16
610 113 16
657 22 18
193 472 27
343 685 14
368 258 14
304 476 22
4 740 21
647 30 30
429 226 25
80 527 14
596 499 21
395 462 25
541 545 10
214 163 24
546 716 -2
261 153 18
91 387 21
580 147 25
305 216 26
375 209 9
661 348 26
205 341 30
50 533 28
263 691 25
489 498 17
535 143 20
135 300 31
358 353 16
660 261 7
17 383 18
115 659 22
99 629 30
266 8 22
624 628 31
186 485 39
85 621 13
220 638 17
58 660 21
582 698 22
593 574 16
261 209 50
194 544 17
187 27 10
10 229 17
153 657 3
540 749 29
138 440 23
229 503 22
394 233 17
167 713 23
423 9 17
423 624 18
633 125 26
20 59 11
500 447 28
776 569 21
197 761 12
68 734 19
148 330 24
629 477 22
354 31 21
126 403 2
612 694 17
257 73 31
727 129 28
273 554 26
181 329 -5
205 139 8
126 623 28
445 780 29
432 110 13
84 177 23
738 148 26
47 380 25
741 351 26
277 630 18
325 192 12
321 415 21
502 18 25
769 75 11
425 626 15
758 504 29
193 710 25
205 621 13
759 296 21
219 404 15
347 420 20
768 600 10
60 24 7
101 200 13
287 596 32
653 461 31
253 335 18
431 468 4
737 307 26
378 693 16
722 46 19
109 527 18
340 297 14
50 130 20
772 189 25
683 223 33
793 74 24
551 287 12
129 602 21
670 669 26
642 487 12
767 609 23
42 542 23
674 782 25
108 794 20
180 429 35
192 404 16
489 710 24
761 666 22
195 518 27
195 265 32
50 369 39
444 149 16
774 758 3
442 530 11
29 392 22
751 112 9
293 105 4
734 339 22
711 141 17
762 341 21
621 505 13
648 601 18
251 429 17
600 465 20
671 299 19
20 289 19
176 663 26
161 510 11
342 42 25
29 319 35
513 54 24
670 177 25
395 436 31
76 220 26
738 343 30
456 304 13
700 695 12
269 76 14
12 517 43
716 339 21
115 618 30
617 554 17
641 246 21
16 576 9
656 769 18
329 158 23
775 356 7
54 96 20
758 699 25
627 437 11
501 516 30
54 765 17
778 638 6
17 650 18
289 266 21
237 159 21
691 173 25
15 691 28
290 299 15
85 47 28
441 45 9
759 619 32
77 732 31
712 244 23
192 579 22
179 425 32
154 208 28
64 441 -2
528 466 25
238 37 15
704 604 21
184 324 19
464 704 34
787 666 13
627 597 16
171 351 22
677 466 20
363 253 40
76 495 32
691 370 22
23 586 16
641 778 17
480 191 21
587 165 9
588 431 21
737 279 21
327 378 17
13 482 24
41 516 18
148 445 19
53 371 20
595 272 25
567 206 23
260 405 20
539 242 14
317 55 21
775 755 16
56 195 8
307 239 30
190 395 36
575 568 18
562 413 17
552 69 8
397 482 16
589 515 35
259 594 19
651 25 24
775 338 17
622 331 5
198 626 23
288 0 19
551 536 23
238 762 10
499 393 -3
658 763 31
270 91 27
747 491 17
568 342 33
104 191 35
362 554 29
337 678 24
647 736 22
573 478 19
417 97 16
4 189 28
435 302 30
742 413 23
755 602 19
78 375 23
399 394 16
177 8 25
754 374 11
493 239 30
157 677 21
716 684 12
560 660 17
128 451 10
416 111 17
358 311 16
448 182 23
37 366 30
666 345 19
142 627 12
181 156 4
717 275 21
544 621 18
96 767 9
766 174 6
543 148 28
725 693 19
242 477 7
13 570 33
358 689 22
326 330 17
497 486 14
125 488 26
788 467 26
198 389 11
757 488 24
117 770 13
569 758 22
67 663 4
755 551 11
760 120 17
73 212 31
500 545 17
234 730 26
213 386 21
167 3 26
283 729 18
761 637 22
423 181 25
748 136 16
791 327 21
102 303 20
68 437 27
384 404 4
403 590 19
436 429 16
531 703 12
281 514 24
642 638 26
634 33 2
326 445 11
573 562 15
728 268 35
17 10 24
641 369 27
598 183 23
792 72 2
208 678 20
740 741 17
760 450 24
233 284 10
365 494 20
328 194 19
148 752 17
43 5 30
693 156 27
108 602 4
762 165 29
678 528 22
701 150 7
621 514 17
137 631 18
186 778 6
725 85 33
68 628 24
711 753 14
557 435 25
138 576 20
124 416 24
553 551 18
503 314 17
725 185 6
242 185 15
52 297 11
340 477 39
772 749 13
198 176 12
361 415 0
202 141 26
275 700 16
28 419 42
476 96 9
436 177 15
463 677 42
404 147 21
127 268 26
392 584 21
510 49 11
567 181 26
644 163 24
687 420 14
246 694 17
726 627 14
383 190 19
141 625 21
311 465 22
721 128 19
396 642 27
362 453 23
128 691 21
546 708 32
502 747 29
22 599 23
232 769 19
207 43 17
476 238 22
655 378 15
195 238 25
253 295 18
591 373 20
237 755 9
87 403 26
90 48 21
40 684 31
241 56 11
593 310 5
274 733 20
236 256 13
550 89 31
232 718 9
34 559 17
781 205 22
304 384 35
705 389 6
258 790 31
722 684 13
548 693 19
639 304 29
715 37 21
468 116 22
305 90 23
477 331 25
86 179 14
107 665 27
51 222 16
669 161 20
504 537 6
431 380 19
33 727 31
571 675 28
75 306 14
772 341 16
349 119 30
706 184 23
152 572 19
223 625 18
330 165 12
399 574 12
551 195 29
405 86 33
434 437 33
11 760 14
633 612 25
520 709 12
39 221 31
54 382 19
314 540 20
359 199 14
457 429 10
184 739 21
229 623 25
400 761 21
538 340 11
447 49 28
204 735 14
609 247 30
92 484 19
506 503 20
35 714 33
602 350 32
147 780 24
760 607 6
699 51 15
120 779 14
161 349 8
716 623 9
233 472 20
612 563 9
555 195 10
306 259 5
665 285 21
169 149 23
739 544 12
739 31 30
272 150 24
102 220 25
260 762 12
163 326 19
442 347 22
17 704 31
594 383 23
393 687 28
566 131 23
82 260 28
60 418 36
206 427 24
798 740 15
295 14 13
655 330 16
281 518 20
631 69 17
490 176 9
491 534 19
677 250 12
371 651 17
701 340 18
655 296 13
305 271 9
408 0 26
552 671 3
451 410 30
436 793 28
31 749 23
280 30 14
668 67 8
93 282 14
266 573 8
535 765 7
799 46 23
149 211 37
434 159 21
709 0 27
429 500 28
798 709 34
53 99 16
610 617 21
647 532 11
149 167 9
123 662 18
761 393 21
454 269 28
294 573 6
731 55 1
338 218 16
21 439 35
703 695 25
9 287 31
758 273 21
583 467 21
34 174 22
417 189 13
593 235 22
45 516 22
580 301 21
136 636 13
6 668 14
483 541 17
418 586 26
729 558 22
517 709 29
500 73 14
178 486 11
621 39 17
744 506 10
418 173 36
377 125 21
47 791 40
338 316 27
171 734 14
407 129 23
445 5 25
243 697 23
518 616 27
235 696 11
283 720 23
562 627 21
298 530 19
676 34 7
669 538 23
486 62 24
404 548 17
713 771 26
365 61 22
742 111 10
350 358 -1
226 1 31
150 49 11
489 250 16
449 737 23
435 510 15
515 462 15
163 724 17
409 510 4
260 705 27
29 781 9
292 137 4
645 686 20
783 613 21
41 680 19
211 284 12
380 472 22
792 405 14
456 777 32
201 185 6
131 612 14
108 288 41
167 528 18
219 729 21
608 28 27
722 225 22
391 41 29
148 568 17
202 200 22
46 768 23
213 543 25
665 476 24
300 194 23
727 306 25
76 506 24
627 169 14
15 641 17
99 267 26
6 196 1
7 579 33
382 95 12
148 465 31
517 411 6
484 57 28
309 278 16
502 72 9
126 226 19
541 589 10
250 376 25
787 114 24
607 352 21
287 206 20
714 783 27
320 227 16
182 752 30
248 176 11
725 20 24
759 790 21
528 32 26
530 282 18
683 42 23
270 576 23
581 442 23
596 593 12
311 202 26
197 473 21
3 621 3
184 586 22
17 397 26
426 600 14
474 394 23
352 715 35
302 53 31
324 797 23
653 91 19
442 265 13
726 178 24
524 177 28
518 374 7
204 311 19
534 51 4
208 214 13
493 444 31
335 328 23
502 565 10
353 477 28
752 295 22
318 696 11
353 455 28
231 255 16
741 447 27
40 441 33
182 392 21
791 401 9
229 270 13
437 752 12
767 175 -3
41 646 34
202 379 17
106 385 21
295 277 21
372 563 19
303 239 23
494 16 28
472 466 17
556 109 17
226 414 15
733 222 39
505 8 5
608 326 22
479 316 25
439 546 23
3 377 22
623 362 26
729 769 12
333 734 17
271 117 21
429 761 34
93 554 19
43 730 26
358 618 24
446 250 17
87 719 22
723 510 10
542 177 23
631 783 14
29 330 19
56 545 26
198 591 16
558 446 33
457 69 10
24 398 31
312 123 16
691 524 18
697 748 15
440 261 18
795 275 33
375 121 10
57 365 17
795 184 17
309 763 24
715 742 24
222 381 22
676 88 13
332 183 29
545 468 10
160 143 16
213 148 17
679 140 27
590 163 20
150 632 22
81 350 24
620 319 20
770 787 28
372 685 12
739 583 15
691 573 24
651 78 26
189 680 15
94 350 40
531 90 26
617 655 16
594 113 27
328 241 28
235 448 23
82 554 22
146 426 29
118 633 30
371 274 19
320 593 20
335 599 -1
646 71 26
431 567 25
43 648 18
216 421 27
729 124 23
618 154 21
404 535 20
24 624 36
205 122 20
477 416 21
73 156 33
364 536 28
658 365 40
445 159 21
386 223 24
9 562 43
281 400 20
180 379 21
480 287 24
122 51 9
680 273 10
308 553 20
304 746 33
433 444 22
766 207 12
767 476 7
386 714 26
513 364 19
152 773 4
87 354 26
100 621 21
603 69 20
469 400 23
96 46 19
100 511 11
339 391 10
308 172 34
92 238 27
593 557 19
411 18 34
723 566 26
717 372 40
217 738 24
549 328 2
80 459 11
501 785 20
524 13 15
69 103 14
75 38 11
184 788 6
343 152 16
12 18 11
418 581 23
759 462 14
585 338 23
108 232 14
690 132 13
790 720 21
252 159 26
470 234 20
74 690 18
549 27 31
640 44 16
224 431 24
614 463 21
547 182 3
666 680 26
474 13 12
357 690 22
638 180 17
91 369 5
799 153 15
85 585 33
448 474 23
527 5 32
448 537 29
719 96 20
707 467 25
643 629 23
324 789 25
519 418 23
730 544 14
766 293 9
757 518 17
790 321 29
639 106 10
327 506 23
796 36 11
402 84 11
44 474 21
483 663 12
166 232 24
720 589 14
669 568 11
89 738 30
284 554 16
648 579 26
235 13 21
16 319 20
233 131 14
784 168 18
721 513 34
367 435 37
215 172 7
607 211 16
298 284 26
475 641 20
81 284 12
106 727 7
496 71 32
60 655 18
258 684 11
489 72 17
413 139 39
407 321 11
787 310 20
466 700 13
205 560 30
340 348 20
472 285 15
505 415 28
138 3 19
608 355 19
733 220 32
232 37 25
715 316 21
245 455 32
587 305 15
531 509 23
234 522 9
595 473 24
107 759 27
154 642 26
640 766 13
665 787 16
27 278 26
505 488 9
326 425 22
789 119 28
462 767 23
627 697 16
738 445 25
251 14 20
497 487 18
299 301 32
147 286 18
445 125 25
777 169 6
332 5 14
588 603 23
158 614 11
527 151 29
123 391 19
127 236 8
485 275 13
29 770 12
590 471 15
651 14 17
337 525 26
284 695 7
215 159 6
124 81 9
765 350 20
400 362 27
257 89 13
563 263 15
280 751 18
750 461 22
532 723 29
304 422 30
637 553 19
148 92 26
730 775 23
640 604 30
647 245 29
258 789 24
702 236 12
691 662 19
464 538 17
22 786 17
11 668 23
55 799 17
551 23 7
749 613 27
175 768 22
256 210 23
295 197 13
633 795 13
183 348 26
298 117 23
100 398 27
398 535 22
509 736 18
414 568 23
578 557 9
48 313 8
719 648 30
343 573 22
607 650 25
246 46 18
140 590 13
361 164 13
69 580 6
555 257 34
704 672 33
531 587 24
711 108 12
33 565 14
493 94 3
523 589 28
119 743 15
9 30 25
639 732 16
101 448 23
249 98 22
116 434 18
371 593 21
756 242 36
470 692 7
590 544 23
292 263 31
790 607 6
730 503 22
392 692 24
587 101 13
115 17 23
143 474 27
239 467 22
176 94 22
643 769 18
50 734 13
38 195 28
646 24 22
532 790 23
105 315 18
126 712 22
138 394 26
506 463 14
337 49 26
46 93 24
659 609 23
347 371 12
397 459 21
635 581 18
375 604 8
155 280 20
751 789 17
41 707 5
351 181 5
602 102 33
505 639 23
423 590 33
794 375 21
288 155 19
73 453 30
240 189 29
709 535 27
279 720 13
394 653 14
226 386 28
727 762 21
61 600 14
120 743 20
97 490 25
771 348 13
63 325 23
312 70 20
547 423 20
769 562 19
342 65 35
433 367 18
501 84 5
455 720 24
701 212 18
553 583 24
288 328 23
779 683 11
110 135 18
519 754 35
303 731 27
708 599 12
709 33 37
594 373 22
717 103 35
412 269 26
337 318 34
67 356 18
56 303 15
364 753 28
789 514 17
497 151 17
432 62 13
516 370 26
470 39 17
230 7 13
385 496 25
611 724 29
799 237 30
387 233 31
582 148 18
230 169 27
87 766 23
69 71 11
669 6 19
278 297 14
13 8 15
198 360 19
38 419 24
606 365 30
48 695 15
136 206 17
77 664 13
653 151 20
389 400 12
351 547 29
532 407 14
520 150 18
408 312 16
365 486 25
371 160 27
44 251 22
438 30 27
501 10 -5
413 688 31
570 309 2
51 549 19
504 54 20
398 81 23
333 563 7
48 506 22
213 638 21
325 409 19
546 704 4
320 235 26
260 174 20
673 783 20
133 419 19
129 283 27
793 142 22
152 208 18
158 780 19
310 498 24
448 179 17
238 449 22
717 394 23
533 669 10
158 121 17
715 428 24
648 152 14
348 693 24
86 724 11
510 578 23
721 584 21
81 383 16
154 772 23
447 184 17
620 105 26
411 670 5
348 299 25
164 451 3
154 525 37
544 696 23
639 483 17
231 722 22
552 587 8
45 530 13
211 487 6
363 8 15
149 458 8
501 275 13
648 458 27
33 784 12
651 379 11
8 68 14
24 773 23
588 275 14
386 65 18
631 678 29
354 327 11
248 576 21
394 85 36
619 368 12
26 558 13
451 591 29
708 176 23
584 138 8
0 149 8
205 127 21
505 51 16
165 101 28
529 83 31
204 722 18
389 240 2
488 513 27
430 600 14
424 237 1
252 329 15
710 755 5
378 125 26
296 672 10
35 481 32
318 783 29
231 149 29
451 527 16
419 161 8
38 144 26
305 383 25
256 353 21
707 379 19
372 374 16
132 531 16
462 259 18
220 88 26
38 318 16
521 736 19
411 676 33
525 189 21
184 166 10
773 379 17
657 229 14
760 132 7
271 674 22
426 659 14
70 414 18
310 566 21
178 319 18
402 399 34
250 267 31
153 24 32
746 616 20
786 419 24
723 624 19
440 343 17
22 81 31
357 494 18
781 637 24
394 403 2
699 676 11
757 103 17
109 669 17
706 731 20
523 50 25
530 489 44
621 537 12
211 102 16
596 363 16
765 211 8
438 563 -1
215 317 21
186 370 12
325 285 24
371 297 21
1 36 11
606 254 24
593 591 17
353 567 17
184 506 37
552 704 27
127 731 14
433 506 40
286 439 29
254 299 18
9 743 9
442 58 23
333 376 36
122 626 22
722 741 19
96 348 27
184 223 11
20 712 21
131 439 27
574 516 11
610 55 7
713 230 27
48 738 19
140 409 27
411 240 21
325 90 27
109 714 10
638 362 22
102 76 9
777 652 -3
420 358 7
484 261 16
194 671 14
586 441 18
539 580 20
453 785 20
248 318 25
47 611 5
82 149 16
617 308 15
701 419 25
607 525 10
551 176 20
360 151 4
502 444 30
290 125 13
684 405 30
120 525 7
452 187 18
542 87 15
179 451 23
721 299 19
457 273 22
281 127 19
231 615 15
128 369 11
249 538 32
473 12 13
307 563 21
622 768 20
230 45 26
156 540 23
688 152 19
641 571 11
320 794 35
219 489 46
559 292 19
191 78 16
55 750 0
317 435 14
280 0 32
167 52 30
655 388 20
233 703 11
734 739 11
764 207 22
611 618 27
694 628 27
673 202 27
216 663 6
266 365 31
178 469 24
292 368 26
707 763 13
503 212 24
139 2 30
695 125 23
672 25 17
63 782 15
755 191 28
600 590 28
111 708 7
593 517 25
219 204 23
1 117 18
30 680 19
167 632 34
652 539 26
258 339 21
725 117 25
10 306 23
170 642 20
207 221 22
687 502 24
171 242 27
512 173 22
695 362 22
530 711 11
509 370 4
653 372 18
552 219 28
318 96 16
239 673 18
660 781 10
664 799 38
465 341 30
212 400 15
305 678 17
92 530 15
331 322 23
84 483 21
400 89 31
42 295 14
392 144 21
630 31 16
185 444 17
729 114 3
449 359 27
347 7 27
204 420 20
380 61 31
570 587 19
690 799 14
596 181 14
420 562 25
483 772 30
778 330 27
514 508 2
235 188 35
291 290 9
731 318 24
118 431 15
341 742 5
515 588 19
190 398 21
332 150 25
325 696 19
305 406 33
197 354 26
503 155 27
417 662 9
21 453 28
466 477 20
108 137 17
573 614 22
692 14 23
369 766 8
353 748 23
327 213 23
256 783 15
130 607 17
281 83 11
527 464 18
780 649 28
67 703 15
214 305 25
705 739 6
619 798 15
787 216 17
90 629 35
174 443 6
270 653 8
304 777 30
41 79 17
579 516 35
521 23 20
377 205 17
229 80 9
623 138 20
398 60 18
140 705 20
240 330 10
737 379 15
560 125 17
424 66 24
301 619 20
742 354 7
224 59 22
106 139 6
574 293 18
14 268 17
594 661 35
147 185 20
741 105 25
550 742 29
280 238 21
703 74 32
486 678 17
638 764 18
677 68 18
494 761 9
35 621 27
516 27 28
234 568 37
319 194 27
542 751 24
615 15 29
635 556 23
175 708 19
441 284 27
660 613 20
490 382 9
93 217 15
24 293 23
539 104 31
233 657 19
264 702 28
765 762 25
202 551 29
524 773 11
366 752 12
41 619 23
399 12 18
739 217 18
499 587 2
547 514 35
336 625 20
736 582 14
633 765 24
550 439 13
229 94 10
238 74 14
774 489 20
231 470 22
759 86 32
153 453 27
384 766 29
687 211 26
644 286 20
797 496 30
719 780 9
656 440 16
705 354 -2
244 757 16
155 373 6
451 204 16
757 491 22
540 193 30
708 702 24
109 605 20
371 249 28
299 232 11
427 376 12
758 687 12
236 44 7
664 287 29
659 468 9
772 199 23
21 613 25
537 698 8
639 522 23
545 405 17
722 276 18
136 604 20
666 363 22
368 111 4
13 408 19
43 577 11
381 601 11
243 689 31
632 463 21
421 650 20
264 124 18
20 184 22
29 430 15
91 366 12
524 477 9
647 339 8
673 437 25
557 81 11
207 397 21
301 124 10
687 719 9
234 606 38
650 97 1
698 423 11
116 577 25
616 311 34
437 102 14
612 99 11
242 441 27
587 35 31
679 758 20
546 656 21
205 521 31
122 486 27
564 273 10
556 579 15
359 352 36
509 485 22
652 569 8
696 784 23
54 294 16
531 103 28
489 143 12
344 180 23
621 430 32
145 75 25
170 538 3
661 697 12
411 476 13
298 354 19
314 469 18
131 213 31
766 504 28
159 165 15
150 523 18
261 132 26
299 771 16
615 136 27
352 139 22
32 714 3
603 358 7
476 459 24
553 390 28
648 357 28
585 269 25
191 13 18
288 479 16
462 358 11
77 209 12
782 595 18
297 265 23
417 314 11
393 641 20
658 354 9
536 131 26
759 661 21
799 110 22
784 350 24
754 745 23
776 82 16
182 722 14
605 538 11
220 154 40
660 650 22
728 392 15
770 700 26
293 421 7
327 264 24
65 475 28
314 35 21
329 771 21
731 233 26
467 637 20
752 222 11
558 730 33
364 427 28
454 31 13
776 764 36
798 226 23
41 125 25
516 212 14
609 746 29
291 78 25
253 708 16
67 478 27
614 134 24
667 552 15
620 581 24
514 62 25
495 241 23
391 37 13
503 96 19
754 468 28
340 613 13
680 628 13
163 250 23
422 161 35
713 343 18
707 166 7
599 663 6
784 5 16
678 346 26
248 525 5
122 605 16
66 33 25
545 419 27
236 279 16
307 399 23
239 246 14
17 135 20
191 438 30
103 658 21
682 707 26
43 346 23
214 378 5
61 555 19
228 362 23
263 593 21
241 596 7
701 125 12
510 454 12
339 425 16
600 60 7
618 482 19
35 224 37
582 781 9
444 329 26
80 702 12
321 783 25
233 237 20
198 351 9
564 166 18
209 605 4
222 362 25
129 189 25
33 798 21
624 71 13
188 103 21
624 244 14
637 747 24
368 334 23
569 246 9
119 51 25
16 754 15
357 371 26
44 205 16
246 589 24
608 439 30
0 405 29
458 256 11
465 209 14
659 62 33
724 598 27
139 68 19
42 367 13
143 460 24
611 120 33
280 297 14
61 104 14
438 746 29
768 135 30
482 702 26
478 450 26
300 496 3
672 317 23
655 341 2
486 47 16
16 606 18
105 738 22
792 381 18
100 13 35
196 408 17
179 798 9
297 658 28
236 767 19
108 668 16
188 426 7
124 569 24
730 221 32
17 440 9
1 310 13
794 302 23
423 690 20
454 683 18
794 621 17
177 254 15
752 347 21
492 457 20
272 609 20
490 266 15
229 718 12
599 430 29
379 663 38
219 506 18
673 31 18
230 70 17
378 483 11
4 171 17
549 472 11
577 249 15
792 446 29
587 132 22
590 625 -3
273 507 27
216 606 33
366 754 27
178 644 42
711 732 21
285 501 29
218 798 12
267 40 28
192 573 17
471 449 14
683 792 23
554 551 23
549 737 26
755 515 1
788 27 32
622 543 15
88 218 8
78 8 22
485 576 20
207 793 16
14 261 26
178 684 31
490 395 9
23 490 22
549 624 23
775 675 16
709 229 8
23 357 20
234 618 15
516 674 20
271 181 21
215 718 12
137 556 11
128 479 10
741 325 12
797 747 16
11 397 35
369 44 12
351 638 20
303 479 19
796 582 8
782 352 10
409 582 22
49 654 18
765 553 26
194 201 26
423 466 22
454 714 21
772 265 15
559 20 22
142 665 33
141 299 30
619 309 13
342 520 35
55 529 12
609 712 21
730 525 20
8 308 28
276 479 22
388 22 28
420 209 10
448 522 17
253 539 28
582 79 27
699 152 38
612 456 10
211 281 31
29 549 28
582 637 15
617 258 14
69 691 25
736 76 21
5 54 13
552 149 26
317 585 10
447 419 14
738 496 14
698 688 22
420 471 25
437 493 13
130 125 24
48 136 21
550 783 18
775 196 23
707 220 6
592 627 11
120 374 33
281 89 7
460 497 16
365 719 25
49 227 7
398 542 16
418 258 21
761 63 9
358 200 10
551 481 17
493 498 23
168 642 29
751 508 17
108 540 15
700 510 14
195 463 18
329 263 32
675 680 29
388 296 18
137 784 20
282 175 11
175 383 19
614 77 14
167 706 15
297 533 11
156 504 29
209 58 16
628 427 23
628 443 20
145 288 31
474 10 13
417 242 22
28 509 24
525 300 24
144 462 7
534 739 12
692 511 8
454 507 30
103 92 19
462 724 25
484 515 23
465 240 17
233 770 33
520 9 10
573 347 27
477 25 11
762 164 30
397 232 1
529 44 31
594 112 28
730 164 0
317 702 28
439 734 11
604 526 21
310 560 24
269 248 28
153 757 23
89 441 3
501 780 21
175 692 28
651 214 21
441 705 8
235 361 30
699 424 28
273 59 23
753 772 25
741 710 26
372 226 9
725 391 -1
340 220 13
778 789 9
397 697 5
49 111 18
628 520 36
763 71 22
493 95 17
332 456 21
472 742 26
147 225 17
142 295 18
642 68 16
8 734 23
190 605 13
209 248 23
7 764 20
102 628 27
528 114 32
539 391 23
216 176 23
223 149 25
486 745 24
135 406 19
507 29 17
704 17 30
661 746 24
271 779 19
256 47 17
273 465 23
568 240 13
715 247 33
571 749 29
755 281 25
566 212 12
781 357 16
542 571 18
562 421 22
213 360 6
567 752 21
518 387 18
94 440 27
784 789 21
545 579 19
544 782 17
763 433 18
125 388 18
318 225 26
83 573 15
543 228 28
303 785 43
358 130 13
392 582 7
185 427 39
319 475 13
201 786 14
519 493 23
231 168 27
48 675 18
574 83 20
502 168 7
561 39 29
221 73 28
288 654 24
661 405 21
769 672 28
341 411 11
104 43 12
257 782 8
321 427 21
453 164 25
242 434 36
505 466 29
60 1 26
413 625 17
57 557 29
412 540 17
96 401 21
277 93 10
731 357 29
67 548 26
666 337 11
774 447 15
563 258 24
215 409 17
78 163 16
285 387 31
18 73 33
134 79 16
165 93 8
733 767 22
735 100 21
229 202 21
224 770 9
605 57 24
243 435 20
213 158 10
185 186 42
478 641 10
756 284 -1
517 8 7
156 47 15
583 277 28
593 748 28
504 732 17
638 590 17
8 0 19
797 59 8
23 208 26
206 787 9
52 765 12
480 105 33
7 700 15
419 215 30
332 731 23
170 568 6
156 266 17
480 331 32
258 656 23
281 301 20
458 487 20
392 133 17
299 95 14
297 95 17
419 136 0
435 710 28
769 703 21
538 260 12
101 523 29
4 110 26
491 56 14
785 457 25
609 603 9
734 33 23
286 247 18
659 351 31
749 44 30
722 64 23
768 222 11
87 370 27
405 47 9
313 564 15
785 136 4
392 89 15
38 16 16
110 261 15
302 146 23
656 782 19
79 60 20
460 380 27
182 442 3
347 264 19
318 414 19
653 224 30
744 699 35
433 545 10
578 581 13
606 753 31
554 763 40
291 53 33
131 27 28
698 289 16
437 743 20
638 786 25
796 594 15
437 638 23
797 333 25
662 146 22
777 787 20
466 205 15
441 449 25
491 125 13
333 560 23
225 511 14
299 434 29
680 526 14
31 563 1
434 50 25
587 478 28
753 155 31
256 208 20
718 551 13
481 438 7
170 647 27
126 203 28
104 145 20
571 768 13
51 380 21
461 519 16
629 608 7
5 629 30
626 133 20
702 610 25
230 582 26
767 200 14
489 176 6
376 577 24
495 503 38
727 532 21
580 22 26
302 377 19
186 701 13
562 9 16
118 99 23
777 498 13
117 497 31
33 355 27
540 442 30
706 222 15
149 557 18
342 711 16
337 354 18
351 135 25
633 301 5
47 763 25
511 756 8
563 484 22
621 32 21
277 106 15
631 18 20
619 571 22
57 336 23
518 597 7
33 56 28
179 515 27
678 165 21
793 32 18
467 625 21
474 333 19
649 578 20
628 338 2
213 704 12
574 233 22
75 531 22
621 542 28
300 647 20
139 303 14
194 491 17
544 653 10
609 525 33
43 345 24
198 127 28
423 679 21
25 85 14
104 221 29
425 730 13
36 304 26
525 567 15
67 171 26
233 628 36
507 338 20
640 515 23
232 316 12
33 34 16
53 187 34
590 427 19
374 85 11
22 494 18
637 258 38
3 7 39
485 263 38
476 733 23
644 650 17
749 638 26
606 527 13
202 231 23
671 695 22
319 54 22
440 239 29
483 264 26
437 534 13
751 297 29
501 123 21
762 150 29
659 783 32
467 559 23
649 239 9
712 68 15
342 474 18
472 726 13
396 275 18
694 353 16
390 797 15
728 131 33
324 354 18
284 27 21
714 750 16
54 785 7
89 743 19
266 51 22
706 36 17
602 227 26
590 369 25
576 190 18
151 345 28
178 727 28
157 533 19
400 685 27
449 744 28
487 583 13
620 415 7
521 100 12
533 654 25
654 754 16
293 727 7
280 502 25
388 57 23
600 620 9
222 710 35
491 408 7
523 440 19
686 281 20
118 601 25
434 713 29
81 627 25
207 761 21
408 89 23
18 48 27
661 158 18
489 474 11
456 605 27
62 302 23
203 464 8
240 571 10
477 79 8
443 379 21
177 409 30
248 433 15
577 705 2
319 296 16
468 488 13
751 758 10
260 658 17
110 484 16
405 245 24
372 446 22
40 336 15
434 731 15
458 338 20
564 343 23
550 624 11
121 283 25
261 663 13
223 189 -4
601 67 23
759 782 26
24 232 22
406 700 22
498 590 20
651 525 24
640 643 15
332 763 21
328 103 17
438 361 9
639 788 20
782 442 15
454 586 14
225 432 19
277 2 16
396 540 14
638 137 22
158 329 19
30 220 10
351 746 26
711 26 22
569 357 9
96 178 19
622 638 10
604 285 26
798 489 15
474 465 20
646 233 22
59 580 7
81 668 12
500 273 21
709 419 20
197 275 29
604 409 30
322 742 32
418 207 25
143 584 13
60 617 21
250 764 24
234 411 20
123 102 19
547 749 3
627 682 30
157 184 17
558 560 17
612 615 26
323 259 10
351 662 14
496 300 15
624 694 1
704 667 5
786 6 27
71 286 27
416 355 10
177 323 26
183 566 23
381 605 15
152 734 10
759 214 23
318 449 21
624 486 22
541 190 24
44 367 28
202 182 17
594 794 4
182 27 30
338 527 24
363 81 10
168 472 21
686 205 13
728 289 22
285 601 19
17 26 12
17 269 14
653 50 12
795 375 12
13 445 28
103 244 21
254 751 22
612 254 13
19 483 27
416 472 27
82 123 7
764 54 25
721 62 23
414 683 25
217 653 7
302 642 9
497 297 27
784 374 16
524 467 22
319 279 12
711 305 19
761 44 8
194 612 24
703 280 36
142 76 18
7 475 5
785 365 30
432 606 6
571 471 28
586 600 20
340 193 24
517 742 2
582 54 20
649 130 28
484 154 29
76 372 8
360 142 16
679 177 17
605 11 24
16 49 18
684 532 12
699 442 23
36 100 8
681 689 25
657 282 27
569 227 22
548 27 5
159 234 23
80 295 3
93 192 17
646 151 15
381 753 22
217 55 15
633 773 12
202 780 8
73 286 18
212 297 26
182 358 22
220 678 20
485 435 33
321 370 23
148 788 25
643 558 32
89 125 34
97 299 23
195 113 22
418 61 16
474 553 19
56 569 20
163 301 1
542 342 24
347 24 11
252 367 21
473 599 19
63 96 13
494 458 37
419 68 24
677 706 16
619 669 24
293 353 17
324 523 20
652 156 28
616 723 27
435 507 16
22 505 18
107 251 28
79 194 7
719 292 11
47 218 14
222 704 27
550 667 31
242 690 21
647 692 19
544 140 16
592 216 7
312 370 11
138 249 23
547 221 23
198 269 13
741 21 31
383 685 23
589 146 21
444 80 32
591 443 31
501 458 26
371 706 19
299 329 27
523 158 25
101 496 7
616 20 20
585 463 23
459 110 32
37 502 18
284 769 17
133 34 12
86 337 39
494 505 31
262 377 2
540 475 5
254 28 22
541 219 22
2 247 25
190 15 19
497 144 16
490 787 22
635 388 17
242 358 14
359 446 12
638 394 18
24 346 28
578 32 19
342 384 14
780 634 8
201 509 18
554 653 22
141 63 13
111 81 15
137 702 11
447 115 14
538 576 23
73 1 21
677 656 26
757 132 22
190 638 9
78 68 13
538 297 26
508 444 25
650 383 25
471 290 7
223 105 14
90 677 23
458 574 41
698 241 19
205 393 27
444 135 6
331 326 17
114 553 17
543 68 16
24 667 20
656 275 35
425 674 23
659 526 25
142 523 14
781 328 19
259 586 21
375 169 22
75 545 10
707 746 24
241 26 21
64 598 13
459 318 35
468 265 20
761 345 26
706 342 6
513 713 13
493 291 12
750 33 11
176 1 32
593 752 12
725 678 25
350 527 17
298 679 37
308 13 11
660 212 14
321 564 15
7 4 26
268 203 2
48 476 33
718 601 24
540 702 19
46 551 19
721 378 14
468 264 26
454 604 25
239 328 14
241 638 24
86 567 13
614 653 22
109 615 12
466 485 28
353 717 14
89 183 16
584 128 24
477 678 9
643 248 19
575 500 27
484 527 17
792 76 28
54 517 12
795 22 13
762 107 24
163 364 13
17 611 21
617 607 7
646 653 25
799 146 23
197 530 13
726 464 20
1 425 9
396 559 19
520 774 15
317 310 18
667 719 17
442 512 6
358 235 16
529 246 15
127 132 14
586 118 17
646 774 26
358 207 12
613 61 20
160 258 13
688 762 0
285 468 12
456 461 31
569 463 17
48 428 14
165 541 47
791 99 14
681 357 6
384 597 15
351 412 17
532 691 26
1 550 22
664 660 31
768 374 25
634 62 13
708 15 23
344 62 18
51 73 19
340 672 11
396 714 19
383 50 16
8 337 4
221 240 -1
763 95 10
201 253 12
338 23 13
445 454 13
331 412 9
482 30 27
490 32 25
255 13 23
729 399 23
173 740 10
61 401 10
774 189 28
755 385 26
529 48 23
785 460 20
253 88 20
744 100 20
395 260 23
594 643 20
158 232 24
101 263 21
630 452 24
376 152 15
743 460 23
497 757 15
501 441 13
530 624 20
427 18 31
56 320 13
520 461 10
296 82 8
643 350 24
436 638 19
602 288 15
63 368 13
222 154 15
120 184 37
235 48 12
572 793 25
174 20 19
569 670 35
82 797 21
240 417 33
199 530 19
121 420 10
624 617 -6
693 463 25
620 363 9
85 789 2
112 412 15
692 305 30
393 727 21
133 199 16
627 750 27
508 110 30
426 385 28
668 318 28
35 613 27
398 626 20
558 414 15
169 70 19
757 99 21
426 728 20
697 30 21
186 74 3
314 136 24
461 478 26
621 272 21
287 408 16
741 757 31
261 60 26
328 265 31
612 26 21
345 274 12
474 579 11
215 742 18
86 104 7
149 353 18
559 153 19
514 332 32
232 233 11
37 421 15
272 523 21
542 379 22
795 695 20
170 784 12
620 741 30
349 661 13
148 621 24
276 92 24
316 143 7
253 663 22
370 323 20
107 583 16
774 274 17
401 245 27
567 672 27
288 193 33
587 469 13
355 667 22
146 536 19
385 679 23
392 244 23
408 569 16
690 181 37
253 769 18
16 608 17
510 477 7
51 537 24
718 771 16
240 736 26
684 382 26
499 206 18
261 664 18
503 180 11
149 705 25
182 710 4
77 46 21
727 426 14
10 426 24
280 702 18
559 541 26
582 420 39
743 713 10
133 187 23
450 701 21
179 393 9
562 474 29
52 783 22
199 178 7
771 400 24
746 265 17
335 231 23
506 396 15
178 572 10
130 770 31
688 162 31
105 360 11
630 524 15
561 77 20
698 722 7
758 369 23
605 44 21
171 777 21
650 469 8
610 377 25
246 9 3
514 376 3
191 582 18
720 239 18
335 526 18
777 410 18
25 579 12
195 709 13
376 426 13
561 303 17
660 8 21
414 330 25
638 199 10
206 152 18
464 753 15
514 239 24
751 243 24
274 726 26
555 507 22
434 261 10
123 218 29
463 328 29
676 739 20
337 668 22
48 169 27
569 560 34
281 612 28
353 133 21
557 503 22
463 199 25
367 722 18
220 18 32
462 621 15
427 52 13
103 479 33
355 791 20
704 513 3
455 342 14
104 175 35
340 608 10
552 71 14
97 484 12
123 412 30
195 171 15
509 332 14
64 97 12
349 249 25
237 457 8
606 33 24
271 394 4
692 687 22
184 81 9
161 428 20
19 346 20
685 200 19
743 630 21
492 145 29
53 776 18
317 282 21
279 515 9
615 53 23
385 334 17
589 288 17
445 473 17
535 668 28
321 190 7
565 503 6
400 614 27
417 654 28
624 73 29
117 516 7
742 95 9
737 337 23
166 342 14
727 787 10
573 740 41
579 301 27
558 476 31
126 48 26
390 393 14
245 541 19
483 492 19
566 434 37
548 594 21
333 390 32
326 525 22
228 724 15
696 548 35
753 504 25
35 397 19
211 625 14
490 305 24
563 703 19
11 683 12
323 709 32
444 105 21
447 552 25
400 233 27
166 321 10
72 77 32
602 549 35
14 477 15
595 463 22
384 485 23
741 316 20
472 107 20
666 286 24
440 789 12
640 547 24
469 260 30
148 590 35
316 651 23
700 256 29
311 744 20
2 773 17
7 673 24
90 153 17
373 461 17
69 59 15
581 725 18
73 267 29
179 565 20
315 716 26
215 441 8
727 579 15
386 640 18
67 117 19
33 796 32
466 620 21
471 240 25
605 115 11
548 560 23
265 405 17
418 452 21
228 330 16
558 42 28
242 462 27
59 221 10
232 167 12
324 83 24
407 647 10
701 34 27
765 303 23
326 66 21
407 692 16
426 142 24
566 509 19
686 252 27
346 661 3
354 161 20
562 769 11
246 72 27
172 317 5
70 637 15
484 583 22
329 224 31
537 355 20
453 277 26
115 346 34
264 466 17
234 682 23
317 698 16
728 145 26
604 113 35
163 312 17
82 60 13
732 170 8
254 555 17
215 361 7
408 48 18
54 716 26
473 770 9
707 453 28
23 488 25
175 426 19
735 121 21
437 308 14
346 575 23
28 250 15
170 791 11
532 26 2
683 207 22
453 125 18
309 592 13
432 224 36
153 207 27
431 63 16
3 154 17
132 255 18
562 89 16
538 359 20
510 582 14
774 193 35
474 429 23
170 761 27
786 620 13
46 404 16
408 546 7
755 97 11
386 213 24
600 170 14
332 105 28
490 616 13
662 58 17
387 307 11
40 178 12
521 772 26
68 395 21
73 266 11
613 561 20
543 444 15
81 495 22
708 397 12
158 404 17
128 613 22
236 221 26
784 375 32
152 130 31
613 579 26
295 627 20
146 132 11
3 413 17
304 591 17
707 636 12
753 12 -1
2 605 15
696 416 19
135 273 27
212 480 12
402 23 22
269 600 12
619 272 19
37 676 13
293 29 23
344 241 11
670 355 19
509 128 20
795 618 19
68 35 22
46 409 24
151 446 30
721 348 14
763 230 31
554 606 23
366 741 12
679 78 35
648 435 29
673 222 24
732 350 31
474 126 30
245 707 27
288 101 11
91 18 25
650 360 5
365 397 16
215 513 -2
487 104 17
84 361 9
763 74 30
84 637 36
537 555 7
407 668 11
712 468 16
69 710 25
76 161 42
114 446 17
294 256 16
599 431 16
751 167 24
417 316 17
665 715 14
37 430 14
565 786 18
418 639 18
238 377 17
729 392 31
662 141 15
620 60 7
121 141 29
522 687 18
188 488 16
455 183 32
2 576 9
294 589 25
739 585 19
337 652 11
516 420 9
105 708 24
182 598 22
762 564 0
709 517 11
480 741 30
711 639 24
330 338 30
527 450 19
370 187 25
520 799 34
700 573 36
246 91 16
726 27 16
314 232 0
152 88 23
76 48 32
452 99 24
772 72 18
780 51 18
367 749 20
23 481 16
557 481 22
783 658 14
783 350 27
692 345 10
687 3 18
97 671 17
38 484 23
196 797 28
654 68 34
117 781 26
434 789 8
67 8 19
535 273 32
654 265 17
142 594 23
148 447 20
431 215 5
747 745 28
174 491 29
453 502 24
336 480 14
632 499 26
41 162 14
120 345 34
375 273 11
383 442 25
588 636 36
486 718 11
673 94 12
511 214 12
690 576 18
486 606 21
617 478 23
553 681 11
795 178 20
499 783 22
796 727 9
194 289 26
560 237 27
745 499 22
68 50 23
416 332 10
495 131 26
796 586 9
503 448 9
623 512 11
334 493 25
192 266 25
370 475 21
468 19 21
415 219 10
444 125 18
690 434 23
490 614 20
752 255 16
232 132 9
369 478 27
326 659 25
210 702 36
286 165 5
351 405 12
236 642 14
504 409 8
663 14 27
462 569 18
51 538 11
307 660 21
641 659 19
13 428 27
463 362 18
77 777 21
450 609 2
80 55 32
601 685 36
120 481 28
653 279 14
54 471 8
19 214 13
353 712 10
182 245 21
446 680 24
735 115 28
599 235 13
591 190 36
742 103 22
257 118 16
137 342 16
587 400 27
332 209 16
283 304 32
299 294 23
753 227 7
371 788 13
779 471 16
351 711 27
648 83 12
549 743 21
23 749 24
463 486 19
604 422 32
515 518 23
324 382 19
63 216 11
55 347 29
478 501 14
613 226 17
65 360 34
318 189 22
188 574 28
164 0 26
28 627 23
101 703 11
792 793 19
8 35 16
523 452 23
657 257 26
796 488 27
309 793 14
234 183 17
684 37 15
601 352 23
118 532 19
792 553 27
400 510 16
219 525 20
723 56 30
510 160 20
626 339 9
548 344 22
241 586 18
480 69 10
143 297 5
309 529 23
308 358 30
109 188 22
594 639 12
192 727 12
532 222 14
249 582 15
294 681 33
440 634 30
381 60 12
644 456 25
306 760 8
400 771 33
693 395 18
150 630 24
16 302 12
712 505 28
164 540 27
554 173 21
322 677 22
266 178 21
308 302 24
640 109 20
480 748 21
13 450 29
2 41 14
381 793 17
659 606 15
103 444 20
134 759 14
713 407 14
615 114 5
238 247 12
188 191 17
146 501 4
6 417 22
735 437 4
210 168 22
793 202 32
636 79 18
477 17 15
489 287 28
661 683 19
533 243 32
115 764 19
25 569 29
339 743 17
549 495 25
574 179 22
324 326 9
324 104 22
476 514 2
382 146 6
749 760 12
84 732 15
111 239 7
114 246 36
534 383 24
530 304 17
463 244 27
407 476 23
514 203 20
173 655 31
655 50 5
358 32 10
78 695 10
145 305 31
622 367 22
294 772 17
327 518 9
225 242 15
655 242 16
510 78 15
329 428 17
30 250 17
671 24 23
414 57 19
354 565 25
69 114 19
94 629 9
643 781 2
87 122 12
372 566 27
110 218 26
29 729 18
572 508 18
715 643 18
19 568 23
56 359 21
226 443 8
72 150 19
79 480 14
261 677 23
284 311 25
392 74 28
292 545 27
657 575 15
124 177 23
555 189 19
308 12 15
139 162 26
246 297 15
784 299 18
67 306 29
66 730 6
218 641 36
404 624 18
307 227 19
611 563 18
61 376 17
790 41 14
293 752 20
574 475 22
273 686 2
565 595 25
222 553 21
576 413 26
167 358 30
591 233 16
223 318 14
249 135 14
691 734 15
3 649 17
426 513 27
535 100 16
294 504 21
489 57 29
514 421 17
543 507 32
37 266 10
138 680 16
471 40 6
357 567 15
99 489 13
176 66 26
712 345 18
329 504 28
19 501 19
646 578 9
157 754 22
491 14 9
101 159 24
275 252 25
263 191 7
744 612 17
172 5 18
20 374 26
793 194 11
714 513 13
462 406 18
385 775 13
81 546 19
263 316 18
777 630 31
44 679 32
695 87 28
312 298 19
249 448 35
703 231 12
614 383 -3
191 377 3
415 383 13
322 367 17
127 780 22
245 501 12
297 715 6
343 128 10
793 303 18
470 414 11
129 208 25
107 575 28
368 602 30
248 631 23
556 586 25
395 91 22
344 527 18
411 735 26
397 330 16
295 510 12
545 238 29
482 20 23
572 96 32
744 546 27
131 109 34
697 4 35
460 672 25
506 339 23
603 693 22
568 778 27
178 589 24
172 502 11
724 214 23
725 571 20
164 511 15
458 62 22
127 494 37
113 92 22
677 171 13
71 14 29
613 346 14
545 460 -3
216 624 16
654 89 22
758 646 34
1 308 16
167 74 14
46 440 18
150 692 22
787 742 9
709 142 17
153 124 12
594 146 27
372 287 28
596 621 33
608 18 14
700 127 18
212 278 17
166 746 9
526 49 17
72 556 30
536 741 16
453 682 4
743 212 14
30 596 31
518 762 13
8 264 8
440 8 18
265 5 15
209 18 18
465 4 25
208 253 32
744 762 17
494 431 23
750 648 27
464 670 9
8 709 16
598 275 20
560 425 14
327 263 18
262 594 41
201 535 8
337 464 15
585 622 20
263 242 22
399 158 21
441 319 19
725 465 2
742 301 17
736 372 29
744 130 19
31 757 16
562 664 26
203 644 27
721 698 26
295 406 14
45 133 10
224 349 22
38 360 21
44 720 25
280 35 27
374 716 16
779 226 15
473 218 15
318 694 17
565 311 9
99 198 28
149 375 8
147 89 27
408 163 18
685 549 11
273 179 12
57 217 16
361 446 18
161 79 30
429 614 29
381 509 37
678 322 18
226 749 28
717 374 13
331 439 9
19 519 22
258 315 28
516 755 29
625 46 21
390 138 12
497 679 7
154 143 17
3 254 20
346 660 12
80 686 24
143 216 27
482 572 16
551 238 8
30 260 30
653 434 12
606 446 14
214 336 31
754 452 12
628 360 21
533 21 10
691 170 18
74 784 24
600 186 34
414 182 24
162 76 17
170 332 13
779 488 17
752 22 27
550 327 18
411 573 20
384 275 13
129 585 16
704 747 28
738 519 23
438 717 27
705 86 16
173 510 24
596 379 32
5 577 18
543 306 12
497 381 14
664 375 24
385 426 -7
382 104 11
317 785 20
345 327 27
295 462 21
540 470 23
644 15 27
474 633 18
326 786 2
254 110 34
678 159 36
235 507 18
10 118 4
62 486 24
613 241 21
388 694 15
748 387 26
725 592 26
703 85 41
675 363 26
429 371 22
28 190 16
118 673 34
703 257 18
438 339 21
633 239 27
607 782 18
189 483 29
481 618 8
75 126 17
132 594 13
107 543 28
340 188 18
700 211 17
394 97 32
169 235 23
753 711 25
288 374 12
56 318 5
734 267 32
476 60 26
521 714 28
288 730 20
522 738 26
66 424 11
527 479 10
676 546 33
55 589 15
168 511 24
355 132 22
143 364 13
766 717 24
359 526 9
402 219 19
154 348 16
400 197 24
12 639 17
659 130 11
665 243 29
675 683 19
730 132 18
525 667 29
670 625 22
269 274 18
310 5 17
374 630 12
392 730 19
731 756 17
707 96 15
630 767 23
265 793 17
372 567 30
190 369 27
403 327 -1
51 520 17
383 330 16
525 655 18
752 631 24
76 614 14
454 102 23
172 483 14
364 722 6
735 300 21
566 375 26
629 791 6
452 83 24
149 785 16
543 104 26
131 84 6
377 600 27
154 398 28
559 295 16
593 672 10
743 733 35
408 220 17
372 449 22
409 70 45
655 126 17
127 362 14
439 793 29
219 250 21
525 70 31
107 92 28
657 477 14
591 289 39
373 295 10
471 67 20
778 489 26
729 552 43
193 645 22
528 354 30
293 120 13
49 761 31
394 669 26
520 741 9
465 307 24
666 461 28
242 678 16
655 314 22
6 686 17
531 166 17
297 269 23
688 674 4
447 516 26
49 343 12
525 512 30
120 458 27
111 491 13
629 22 23
352 417 30
394 661 28
12 715 35
222 420 20
84 210 16
115 689 19
578 774 9
68 767 15
265 501 14
359 320 23
680 114 12
779 184 34
710 751 21
98 23 12
456 395 8
193 98 33
477 84 16
768 648 23
334 311 7
434 658 34
272 624 18
575 424 19
511 624 15
592 621 11
406 796 8
144 742 20
330 750 19
285 574 19
133 541 9
583 139 22
617 329 22
118 328 18
373 445 8
522 101 23
405 229 24
150 615 5
166 286 6
269 782 19
503 270 12
343 306 18
515 451 16
195 462 8
425 91 14
344 9 9
595 534 24
255 130 25
777 194 18
193 269 25
527 42 16
519 777 28
611 380 29
244 743 15
778 239 20
742 319 12
135 417 20
147 308 19
476 58 18
370 548 33
236 699 13
778 550 30
501 558 -3
796 731 24
534 239 18
615 390 16
273 534 10
293 282 27
591 638 14
428 222 -2
295 419 36
390 421 17
133 641 22
685 9 9
662 269 19
103 603 14
685 726 11
592 233 20
799 37 25
738 355 16
224 678 23
372 213 26
787 79 24
627 121 11
120 437 22
499 222 15
62 12 22
517 29 25
689 117 19
341 45 5
629 417 12
698 131 30
739 15 29
118 696 13
18 276 23
595 518 26
273 308 22
293 139 20
264 293 26
172 549 13
220 211 3
368 756 31
650 374 5
197 219 12
713 93 19
551 767 7
618 102 10
28 5 19
761 482 32
118 55 16
698 470 26
72 489 15
346 169 3
297 408 9
425 74 12
131 757 26
21 677 30
142 328 16
274 552 33
361 190 16
108 80 5
233 686 26
778 249 17
437 193 20
691 702 25
64 103 13
336 448 30
158 156 16
491 661 23
109 543 6
519 487 28
726 752 32
514 112 11
589 722 12
340 189 19
78 522 31
396 301 15
99 196 20
762 245 25
652 364 6
522 81 20
111 541 18
728 663 21
589 29 27
128 272 12
19 211 29
59 500 17
565 424 27
28 721 34
388 322 24
249 175 13
770 211 22
224 14 2
527 308 4
562 581 30
568 257 34
637 698 8
177 54 17
588 162 16
312 465 13
33 680 35
542 387 7
776 83 24
685 720 24
405 33 13
154 651 2
86 381 10
8 690 17
697 571 27
360 81 17
779 218 11
756 146 24
126 763 21
436 401 34
568 728 17
287 474 30
77 478 15
403 566 35
553 587 23
549 527 25
4 592 19
740 591 21
143 777 10
411 754 11
793 735 28
63 87 16
11 267 19
238 60 26
744 533 17
370 706 36
366 248 28
605 650 10
532 34 18
315 772 19
400 276 26
256 289 33
462 662 26
224 118 29
719 238 26
692 262 24
726 722 16
577 707 23
574 600 12
675 580 14
409 488 19
797 23 4
720 264 23
491 645 19
73 787 26
203 223 7
640 156 12
5 633 31
167 777 30
555 392 14
14 531 22
378 100 19
509 196 15
373 326 15
214 182 11
494 138 13
213 378 10
159 14 10
113 558 22
458 529 20
506 37 12
318 244 26
443 547 22
403 668 18
631 670 12
490 749 25
653 318 9
713 377 28
716 673 7
253 248 12
531 130 23
769 771 27
260 298 15
619 466 27
280 698 24
637 254 16
550 741 17
96 480 25
221 720 15
586 309 26
613 403 20
698 348 18
228 693 18
693 592 19
615 639 34
11 632 14
311 325 26
695 50 36
418 301 41
751 227 40
75 526 15
56 134 17
447 576 18
662 41 22
567 618 31
663 411 21
743 773 15
362 528 23
454 97 48
188 575 20
28 575 30
456 172 33
575 391 14
740 261 15
623 731 28
331 636 20
293 431 17
199 517 23
534 10 15
719 592 18
759 648 31
515 187 28
645 731 25
84 757 16
322 439 13
193 416 25
288 348 29
399 101 18
713 570 17
113 267 27
547 501 31
159 190 18
13 386 18
512 585 25
257 647 28
706 59 4
658 798 12
605 99 11
16 32 14
580 718 14
432 409 37
402 383 16
305 525 14
659 670 12
95 15 22
442 275 21
292 764 20
154 684 13
315 756 23
57 295 21
65 53 18
532 703 32
92 118 14
292 738 21
731 21 6
441 622 28
56 751 25
671 21 34
375 66 25
58 601 18
710 465 30
11 432 9
317 575 18
394 224 22
157 82 9
281 189 13
193 649 29
730 680 -10
621 400 20
531 535 28
103 7 19
109 198 14
694 91 25
415 376 26
723 147 28
754 484 17
48 420 21
713 627 10
424 38 31
770 129 34
771 562 20
52 730 36
78 773 17
433 797 32
261 90 21
322 444 21
267 403 1
623 697 20
238 49 12
246 330 10
411 571 27
291 691 21
284 412 29
363 26 19
633 141 8
346 299 18
155 251 24
359 358 15
726 670 15
383 417 15
300 418 30
136 480 13
562 616 27
799 725 29
776 696 26
623 416 14
584 395 24
620 511 19
203 270 33
373 660 18
319 128 9
53 791 3
664 535 20
146 165 31
552 454 7
216 289 13
376 81 24
288 206 18
684 557 9
236 274 12
356 420 7
518 85 32
407 623 9
326 671 19
727 409 25
747 637 14
465 98 19
451 455 22
600 766 23
250 696 11
693 703 6
788 637 11
499 229 19
774 402 40
157 712 36
239 279 14
469 496 24
471 234 24
505 408 11
337 495 27
512 398 21
378 75 14
731 528 22
57 4 26
214 655 17
543 546 20
150 591 34
678 81 4
218 325 12
564 732 21
539 375 11
182 659 21
781 671 29
708 596 22
764 235 16
157 589 20
383 14 30
114 48 21
119 497 24
502 461 17
229 149 5
427 19 21
259 399 8
40 152 20
529 117 20
409 421 18
177 513 8
678 155 6
738 751 16
450 699 19
156 43 15
138 459 38
558 340 20
278 427 23
389 527 35
258 483 9
17 101 15
149 750 6
128 343 7
419 698 8
295 33 18
705 222 35
739 783 25
8 438 15
393 430 15
107 464 8
730 415 15
457 799 11
783 534 10
520 85 19
638 89 27
412 520 19
436 481 34
367 660 22
42 2 22
478 224 11
70 148 18
596 47 24
292 390 8
181 510 12
421 483 13
166 118 32
260 399 20
96 89 16
647 0 27
36 495 19
685 766 18
511 254 25
364 483 27
582 592 13
440 123 7
760 784 25
285 612 14
641 364 26
673 751 23
51 404 21
709 540 16
556 409 19
472 104 11
654 356 14
603 478 30
374 252 20
268 493 20
48 593 17
332 53 33
286 266 26
167 281 13
768 745 9
30 660 13
608 85 27
548 390 26
345 369 7
267 42 20
592 692 21
511 14 20
436 14 13
690 491 23
316 142 26
691 716 21
75 616 26
360 365 29
400 560 19
435 511 25
780 664 17
327 590 29
142 263 23
362 599 14
236 413 14
322 359 22
54 357 6
508 448 -2
338 97 19
789 702 12
85 754 14
422 556 24
123 94 28
318 491 23
235 331 25
171 108 20
597 226 22
496 401 11
117 236 34
526 16 27
527 184 15
221 207 26
82 530 11
369 264 5
215 429 12
471 646 16
545 762 18
695 230 13
506 202 8
774 798 28
793 413 27
95 277 14
57 703 29
188 614 22
274 566 10
408 293 5
302 29 22
554 342 12
441 294 24
267 468 31
117 653 10
432 512 22
158 703 39
693 512 14
619 413 25
193 378 17
748 472 12
613 567 24
479 546 9
166 681 29
409 140 10
211 128 19
684 592 5
665 317 27
386 484 16
403 363 18
172 507 30
770 798 23
603 496 24
296 791 13
602 784 34
653 507 25
104 607 25
246 115 7
22 35 30
685 103 17
391 209 16
311 364 23
299 363 13
570 781 38
582 209 15
774 670 4
486 2 29
453 1 22
259 420 21
604 461 18
94 124 16
649 138 15
131 465 15
452 754 15
232 749 20
255 497 20
238 603 19
424 742 39
636 361 26
36 95 10
169 327 10
627 512 11
719 632 14
756 176 12
159 46 30
422 218 26
753 545 23
9 592 -2
461 467 23
442 237 29
134 261 1
754 414 16
314 221 6
1 3 9
302 610 27
403 365 12
788 282 17
140 606 24
134 178 27
525 235 25
490 342 26
78 316 14
78 83 25
99 170 35
10 700 14
346 416 7
99 322 25
697 379 18
707 378 20
289 201 22
356 603 5
431 685 10
452 412 16
632 761 30
112 474 22
745 401 23
731 271 21
655 302 20
581 252 10
554 792 28
790 351 42
121 779 22
289 637 22
403 627 28
580 281 21
74 655 17
228 794 30
296 593 17
531 521 22
466 635 30
332 400 16
362 771 22
50 443 25
70 175 27
406 474 27
444 665 22
240 221 9
568 77 16
227 214 15
225 646 17
105 491 22
252 627 9
99 756 35
353 61 28
690 112 20
94 677 9
785 697 26
374 479 24
291 494 24
698 494 19
697 276 16
342 69 23
359 781 20
771 148 15
520 189 20
113 759 11
677 203 29
299 289 27
685 384 28
791 277 8
60 614 29
565 39 19
758 585 15
253 734 26
0 549 7
562 789 15
348 216 19
489 177 34
288 217 7
556 726 11
116 85 22
482 51 21
88 586 17
65 140 17
688 774 24
768 441 28
43 602 10
312 656 28
567 466 21
370 733 20
383 516 16
157 44 5
586 144 24
535 349 29
159 203 27
79 608 32
278 628 30
175 599 10
511 17 20
333 702 19
367 396 6
515 201 19
83 562 13
79 16 21
651 271 33
667 271 15
128 687 17
270 600 0
327 35 11
585 748 16
798 572 22
166 383 16
683 206 19
729 504 14
322 622 26
528 238 10
61 52 10
85 107 23
515 345 30
232 397 25
193 766 9
250 605 13
710 23 30
509 391 13
784 135 21
701 93 30
454 309 14
184 74 12
725 351 16
358 382 18
432 52 25
460 274 29
76 125 22
514 676 29
352 573 20
607 716 16
127 450 12
725 123 20
305 307 21
285 524 8
643 637 23
794 229 17
456 543 22
610 582 8
231 738 33
54 720 12
7 551 19
405 348 11
637 752 5
166 529 12
122 13 4
665 56 6
585 291 17
362 443 13
557 679 28
446 167 23
527 531 14
196 29 14
673 59 9
7 408 24
436 173 28
344 219 21
73 728 17
65 341 14
797 669 17
725 276 9
389 239 32
51 746 18
431 275 29
2 203 24
453 608 5
244 236 0
330 704 18
740 5 18
636 685 15
570 431 13
250 448 21
656 356 28
466 2 29
189 369 3
691 116 14
399 498 21
105 697 5
394 718 14
720 128 17
138 550 23
599 278 20
261 547 22
421 342 28
123 722 15
763 674 4
614 39 15
46 108 17
509 557 21
643 424 14
283 543 28
683 330 24
325 448 13
790 252 22
642 436 14
662 764 10
658 502 13
447 652 18
715 531 24
336 508 19
317 660 12
641 46 20
224 523 13
169 131 10
327 470 17
776 590 23
313 122 23
579 207 21
683 329 24
229 511 27
390 726 31
524 444 25
481 120 27
398 263 14
327 288 30
691 538 22
260 586 44
291 458 23
362 158 12
80 748 23
106 499 13
25 132 26
358 347 15
195 687 13
753 223 21
304 71 15
507 574 17
431 136 12
613 777 18
112 556 26
51 656 8
323 530 23
54 793 24
268 589 12
122 214 19
621 388 21
96 719 27
108 203 15
713 174 18
438 631 15
293 457 27
567 392 27
79 705 34
716 528 18
491 502 19
607 210 20
176 140 17
544 391 21
507 161 18
119 249 11
789 373 19
646 707 6
306 522 26
521 244 21
718 519 41
791 619 14
559 112 24
672 475 22
776 207 6
302 265 20
785 526 19
786 135 9
364 639 11
779 276 35
748 292 21
281 132 26
253 133 18
778 724 20
79 362 18
417 308 14
164 216 31
127 647 25
116 514 26
170 756 4
632 303 23
698 666 22
635 649 19
77 216 32
482 666 17
524 110 26
170 476 16
651 382 13
42 476 24
550 527 26
595 58 25
164 229 20
337 422 22
53 778 10
232 740 21
341 584 18
409 73 10
680 492 20
445 507 16
540 751 6
373 183 28
348 246 17
217 728 28
724 758 17
204 655 20
302 409 20
790 133 19
458 567 36
684 14 19
147 522 19
638 77 7
126 752 20
149 667 14
425 135 24
725 128 8
30 47 23
762 727 24
687 523 3
124 270 26
377 95 22
557 67 21
131 595 34
55 199 17
606 174 16
160 702 13
516 603 29
103 797 16
762 295 23
582 778 36
175 576 19
335 767 30
701 407 21
689 135 28
613 798 21
723 159 19
149 107 9
21 566 20
515 723 12
51 236 12
112 47 11
387 150 27
487 473 7
595 120 28
605 143 24
110 297 18
183 484 7
710 68 34
474 318 25
728 307 30
639 314 22
542 188 23
781 377 12
203 469 38
765 774 18
579 94 18
326 266 25
45 215 8
756 774 14
727 317 32
493 387 23
120 447 32
594 268 20
79 264 26
449 325 22
447 640 16
464 719 18
536 411 27
581 609 31
