900 9000
167 640 22
448 431 22
88 617 10
439 33 14
15 590 29
574 653 38
629 21 7
129 859 26
673 459 24
348 684 19
897 323 11
77 426 16
749 569 31
713 751 6
432 215 10
751 230 3
542 218 7
200 160 23
60 234 26
520 96 19
184 312 12
500 524 27
81 476 18
887 795 18
125 724 21
659 440 29
464 695 26
387 645 23
421 62 25
440 837 30
589 2 4
892 77 20
156 467 19
529 567 19
539 439 18
645 804 17
653 527 18
641 612 5
608 655 24
826 103 16
104 63 23
760 302 29
420 759 14
502 17 11
407 289 23
851 196 15
183 240 25
589 526 10
676 114 24
782 736 25
240 114 32
597 294 7
309 478 23
501 77 23
424 455 8
384 288 13
28 831 4
592 881 30
838 212 35
189 743 17
311 462 23
897 482 13
807 50 11
143 56 17
888 2 13
192 66 33
516 561 11
773 451 22
106 787 22
717 255 18
386 842 17
622 421 20
662 99 28
842 698 23
147 67 18
813 733 24
899 59 19
70 623 38
193 273 24
606 365 13
556 489 18
757 586 18
848 532 2
675 315 6
490 650 25
471 572 5
544 717 14
679 19 16
88 461 30
351 376 35
874 512 14
794 615 20
93 713 34
696 727 20
407 296 13
56 637 19
10 657 17
808 760 34
526 202 18
43 573 23
402 134 20
426 4 11
716 771 19
562 161 6
302 81 18
146 41 9
768 54 19
507 144 22
843 564 21
401 770 20
581 96 22
381 57 19
34 586 21
144 184 34
286 425 12
187 559 24
432 717 -4
545 354 32
370 124 23
824 21 12
309 779 29
440 158 16
156 343 24
181 512 27
269 72 30
891 468 20
379 411 20
866 17 22
870 220 15
757 241 25
3 818 15
192 202 22
749 840 31
514 223 13
261 167 20
854 158 15
392 801 23
688 213 12
598 857 21
149 182 23
657 755 -6
140 407 26
848 325 12
407 783 12
218 360 23
284 347 5
578 249 15
758 493 22
810 413 16
43 431 18
830 323 27
357 340 28
752 309 21
456 305 11
51 890 23
539 41 25
161 629 22
351 541 15
427 777 19
194 393 12
698 822 16
586 364 19
721 218 19
808 19 30
135 265 23
224 675 29
595 27 24
60 341 17
876 593 20
699 880 35
52 439 18
361 283 14
563 543 12
270 362 16
279 425 19
816 321 25
374 573 17
306 237 18
589 567 29
423 129 18
561 431 22
567 101 16
589 481 16
401 251 3
711 668 23
154 192 1
233 58 22
757 558 34
871 699 11
684 746 26
139 299 18
520 379 34
187 858 23
320 869 18
249 503 14
209 217 26
827 779 20
164 444 20
686 404 25
715 428 8
231 239 17
382 488 22
499 657 16
828 244 12
676 788 32
141 702 23
727 651 17
315 809 20
651 825 19
471 82 18
21 726 -2
406 730 26
280 874 21
827 676 23
479 404 12
717 21 13
183 899 21
366 58 24
79 271 18
64 447 11
416 328 22
633 663 25
729 534 20
880 1 22
526 335 13
744 152 27
531 471 24
136 865 29
551 519 29
199 17 23
233 369 31
660 582 14
815 882 7
450 441 18
738 854 4
226 873 32
384 783 20
374 160 24
411 291 25
806 654 25
609 518 33
641 529 27
385 37 15
673 698 22
118 234 9
595 241 24
73 625 21
394 101 19
661 359 23
320 753 27
150 85 24
334 607 22
320 336 10
402 376 7
870 508 13
841 342 43
814 440 18
708 869 23
257 435 33
608 842 10
774 121 25
696 230 11
837 698 5
460 595 10
691 729 10
668 320 14
594 436 4
795 423 35
524 446 15
674 706 18
771 374 21
513 806 26
381 227 32
713 859 16
864 206 10
34 580 11
452 596 14
498 575 13
516 842 17
194 563 14
597 493 14
167 790 7
708 250 20
315 653 28
629 709 25
886 418 15
332 453 5
585 715 16
676 840 20
217 739 28
757 122 26
176 847 18
55 237 12
428 680 30
590 560 27
776 356 34
27 692 30
205 21 18
317 468 21
754 359 16
797 336 15
757 132 26
347 457 5
725 442 22
195 766 33
716 677 26
332 650 24
44 685 17
241 19 28
179 88 8
844 615 14
677 125 19
688 126 13
75 159 25
393 514 21
843 285 16
303 214 16
540 493 15
475 316 19
750 640 27
447 427 38
834 421 8
863 77 25
477 243 19
57 107 33
688 531 15
521 643 12
337 505 23
361 112 24
567 388 23
38 99 15
66 344 32
721 141 13
665 155 19
274 126 17
203 517 17
305 15 22
686 259 16
265 657 24
565 12 17
626 28 13
749 103 11
520 494 9
538 515 14
140 469 24
45 499 23
861 747 22
387 862 28
262 126 10
19 451 19
597 734 14
879 638 24
338 739 22
681 668 12
887 406 19
691 816 7
40 740 21
194 655 13
715 348 23
55 666 23
834 648 21
641 469 13
883 285 16
456 612 14
696 649 34
361 500 22
137 299 24
145 693 32
517 837 24
502 382 16
149 771 9
462 606 22
149 860 20
676 385 31
361 162 17
450 339 21
188 470 9
635 861 16
605 555 11
611 492 32
746 259 31
216 601 6
91 807 18
63 606 17
604 199 21
311 235 21
759 498 22
428 227 32
640 217 21
39 45 11
488 46 21
119 768 25
430 225 19
156 38 13
730 7 18
271 720 31
287 626 22
350 76 6
674 526 13
207 557 39
87 854 19
582 67 17
524 202 6
459 604 10
368 302 24
840 706 21
77 739 36
93 324 14
501 845 14
743 201 20
454 792 22
450 792 30
356 353 26
475 763 38
132 168 23
853 270 21
79 696 20
533 822 15
43 537 40
311 87 19
854 864 24
752 319 24
232 215 32
833 408 20
150 575 15
765 143 14
646 593 22
465 398 21
788 725 -1
289 350 20
684 891 14
780 4 27
684 734 21
883 76 33
477 783 32
100 24 23
552 476 40
826 623 32
586 812 20
77 634 12
407 29 23
483 23 16
622 894 19
67 256 24
592 533 14
141 432 23
390 854 14
667 817 18
317 878 26
287 724 29
821 237 0
348 740 23
204 240 30
831 443 25
710 71 7
144 711 31
641 119 24
500 13 4
688 340 20
754 488 34
97 704 5
241 870 21
336 498 23
209 837 16
568 686 8
643 461 10
830 869 13
294 614 18
750 405 22
837 268 23
513 378 32
122 130 11
618 3 16
177 683 18
50 487 32
868 539 39
203 333 35
751 145 26
549 488 26
350 770 18
354 570 26
330 687 12
208 146 17
631 460 13
235 478 29
141 515 12
264 894 34
3 100 27
445 597 16
587 807 20
866 59 5
460 756 11
408 53 16
176 763 24
189 651 28
559 505 28
792 100 27
595 501 23
261 685 19
502 574 12
303 845 25
497 194 24
266 813 28
869 342 17
560 358 31
551 389 20
330 80 9
352 573 22
235 346 17
836 359 17
495 720 16
608 624 25
493 698 22
338 27 26
609 226 16
559 87 19
750 611 17
729 23 2
81 611 36
213 413 24
609 367 26
384 320 29
428 738 11
394 595 18
39 698 21
274 726 26
95 816 15
201 617 26
494 564 25
307 209 21
686 159 11
467 34 28
214 684 16
805 107 19
412 174 17
227 389 18
868 790 12
94 346 21
61 248 17
853 319 22
662 837 16
438 80 19
18 48 18
833 874 6
675 823 19
833 363 20
846 783 16
9 138 8
811 402 31
162 3 18
693 476 26
1 677 12
757 250 14
91 793 16
680 7 18
43 622 12
520 210 14
182 244 26
806 344 6
892 448 29
81 689 15
854 782 16
307 769 23
679 598 3
265 355 7
127 889 15
711 82 25
653 521 26
469 722 17
53 688 12
580 379 34
612 872 24
240 551 35
851 609 8
440 208 20
610 255 15
213 676 7
802 333 15
426 847 17
598 743 15
610 73 26
170 868 14
178 712 24
36 217 9
132 90 16
881 826 26
323 641 37
182 294 13
395 108 32
57 268 18
263 372 17
295 660 20
135 430 16
655 796 2
595 0 28
655 538 35
825 866 25
668 675 33
706 152 20
610 307 11
355 856 21
510 399 27
829 21 24
338 54 16
216 189 16
622 373 12
294 896 16
718 558 29
443 567 22
247 760 18
420 785 19
609 504 27
205 292 26
104 225 21
310 140 14
649 469 16
411 14 10
437 763 14
393 4 22
200 795 7
348 7 17
821 123 20
111 691 16
696 540 17
349 605 6
283 775 18
720 565 16
426 773 16
69 828 22
288 352 20
154 687 15
177 815 29
468 567 15
824 894 16
690 702 17
696 695 22
196 466 30
121 259 15
233 183 13
343 379 26
879 449 29
659 723 33
820 462 27
879 210 19
252 408 14
748 123 18
899 117 35
334 848 12
14 617 13
352 441 28
441 40 19
282 755 20
425 612 27
655 47 17
839 692 24
245 208 13
776 607 23
735 266 21
455 276 11
581 451 11
455 789 21
153 642 9
258 544 7
508 83 29
14 857 10
414 68 10
475 798 28
553 772 17
210 550 18
714 735 19
227 850 25
778 783 20
634 798 22
629 544 28
213 76 21
421 422 19
880 263 25
689 761 15
759 331 6
497 533 4
825 597 15
613 162 15
30 106 23
10 516 29
648 631 19
827 377 9
470 689 32
32 527 21
824 637 25
503 549 13
540 134 15
191 370 18
843 501 24
306 887 22
819 792 16
572 198 16
65 598 27
627 772 -8
500 886 29
512 552 10
657 126 17
526 791 19
706 194 23
98 879 31
844 643 14
105 739 25
717 655 20
87 348 9
116 189 11
85 81 10
261 588 12
771 460 19
710 687 19
548 4 13
3 471 19
326 43 22
50 644 22
545 782 5
263 244 23
656 871 26
898 778 0
13 397 19
549 816 17
614 719 5
261 339 19
586 131 20
475 877 12
744 366 18
786 64 30
78 172 17
835 400 27
374 818 4
93 569 27
103 649 19
393 114 24
113 355 20
849 230 27
892 792 13
115 546 25
774 684 23
543 453 30
848 624 19
689 449 28
326 354 21
85 23 31
384 553 15
644 268 18
821 316 19
512 168 34
844 312 13
11 554 22
542 569 -4
389 263 20
189 342 18
530 47 25
339 476 26
67 245 24
814 303 16
819 174 19
212 176 19
340 255 25
403 65 13
435 548 20
125 881 25
112 858 13
892 570 30
266 777 5
84 457 19
523 300 25
339 713 15
561 396 22
639 25 19
229 429 26
607 884 18
862 293 18
896 660 21
31 858 22
880 157 20
785 603 17
477 717 12
566 735 23
381 80 33
870 376 21
669 442 34
422 444 15
334 373 20
29 747 26
129 491 20
387 690 13
618 634 19
31 82 34
346 752 53
853 295 15
599 430 20
604 527 31
140 383 28
731 185 26
179 526 3
380 690 14
327 392 9
830 107 25
583 760 15
667 760 15
796 863 17
88 390 7
307 578 24
686 278 10
567 597 26
610 617 11
685 555 32
364 23 26
633 813 26
330 165 13
200 573 22
716 115 13
517 445 31
72 574 26
557 748 22
425 26 17
588 850 22
33 187 19
80 819 10
189 280 33
899 452 19
649 199 24
455 563 16
410 546 28
440 98 18
547 107 20
734 225 26
637 68 10
546 43 14
775 46 16
676 634 17
230 370 2
218 753 24
440 717 15
411 639 23
704 108 22
212 378 14
267 220 25
679 580 22
322 802 12
519 886 16
750 194 20
298 764 13
660 497 23
339 807 16
632 788 21
466 498 25
444 594 25
208 121 21
185 782 19
843 689 20
295 832 13
355 698 25
353 584 17
160 413 30
865 170 13
530 761 10
151 192 12
660 224 27
424 189 26
381 30 13
491 470 21
802 700 24
12 257 13
783 31 17
639 325 8
206 698 25
885 757 17
1 339 19
759 696 17
837 69 12
551 775 36
469 392 31
306 767 8
316 235 27
831 439 21
569 831 19
318 520 23
639 768 12
776 697 38
698 601 25
693 592 16
81 716 31
320 238 15
675 740 24
418 397 30
740 626 7
613 870 9
28 222 24
616 728 32
833 92 13
755 539 9
527 534 28
656 136 16
32 307 12
310 364 23
474 331 23
644 825 11
177 607 22
258 454 15
867 352 7
456 351 31
133 205 24
620 125 24
852 64 13
654 828 21
217 99 19
270 450 12
465 202 21
434 733 32
396 474 22
410 875 26
487 359 39
402 61 23
296 118 17
428 285 18
867 708 -1
37 570 24
455 736 18
111 110 11
10 29 16
185 757 14
206 155 30
104 346 17
877 587 24
230 66 28
191 81 22
55 776 19
86 862 20
242 84 23
528 887 23
588 293 24
515 815 19
403 677 13
782 136 21
465 620 10
615 748 21
500 512 26
842 50 16
670 482 16
727 85 21
610 314 13
565 62 12
897 292 16
84 243 18
174 295 7
545 716 22
376 122 20
827 877 11
357 397 12
302 869 20
334 92 26
604 399 19
592 160 2
520 196 29
594 191 20
679 636 22
95 318 23
485 142 24
59 551 12
21 152 28
43 408 11
790 136 6
875 842 19
558 234 13
441 14 14
729 491 18
869 152 15
130 671 12
758 227 24
282 883 19
484 310 31
513 247 25
726 12 18
517 553 11
771 569 22
267 41 17
204 501 33
711 781 21
427 199 23
114 796 15
29 639 14
862 307 23
504 220 16
380 511 18
50 823 18
47 767 6
307 0 1
527 181 19
808 617 24
682 332 16
684 727 22
534 579 16
459 470 18
739 63 16
109 290 23
153 401 37
753 646 15
162 104 8
666 127 12
887 129 35
822 899 13
580 714 16
332 248 8
7 664 31
675 664 27
462 122 17
499 745 17
784 408 32
185 561 28
185 376 25
241 74 0
436 469 26
227 766 16
643 778 26
845 424 31
882 802 32
833 831 29
220 11 11
191 457 25
530 345 24
610 289 22
93 73 33
197 536 16
394 440 26
133 437 21
775 379 6
29 666 23
14 387 31
115 804 15
90 470 30
50 726 24
738 376 23
675 738 21
553 450 20
660 761 18
664 17 15
149 199 35
249 759 27
286 378 13
112 196 19
888 650 16
121 158 9
333 193 16
178 774 22
175 507 13
71 437 19
361 530 22
874 588 11
503 166 29
810 367 20
36 854 35
169 831 13
47 557 10
640 831 30
796 585 22
28 34 9
621 627 11
28 711 22
244 48 28
851 255 28
237 689 21
148 865 15
870 547 24
294 93 26
780 283 26
75 120 24
453 839 21
847 161 21
630 591 43
156 863 2
683 861 32
280 140 7
668 704 9
788 344 17
223 712 20
365 599 28
797 704 18
154 881 11
572 89 24
643 289 23
143 722 1
254 461 28
127 470 35
639 12 31
174 554 18
886 430 28
636 682 20
36 179 22
670 319 37
711 699 14
498 500 13
545 478 20
548 585 24
736 182 22
144 453 11
313 16 8
631 211 7
405 71 20
852 733 21
312 832 36
574 861 18
187 283 13
482 242 18
413 575 21
127 496 22
71 117 20
602 19 7
627 177 12
764 328 15
507 448 27
512 206 25
464 784 1
323 706 22
462 761 29
478 852 31
592 432 29
100 559 29
374 178 21
861 168 27
560 616 14
836 662 15
805 622 21
566 423 20
870 126 14
13 818 34
144 589 16
469 833 32
71 500 17
46 220 15
415 826 18
837 576 21
203 274 28
721 477 27
229 468 17
700 304 7
458 453 15
5 146 14
521 268 8
177 550 16
517 567 22
419 340 19
843 802 21
21 40 22
533 147 26
587 701 13
735 86 30
664 219 7
17 51 22
611 894 30
598 179 16
636 751 40
743 586 16
815 255 15
119 192 16
605 810 11
232 36 36
202 596 14
824 314 14
382 145 23
752 622 38
191 90 18
808 497 16
184 507 14
657 18 33
341 871 34
453 279 10
890 511 14
439 227 18
629 437 20
442 572 27
430 388 18
205 371 24
624 824 29
874 225 22
177 168 9
698 586 18
502 458 23
23 379 10
448 261 13
651 473 18
136 52 17
473 704 20
732 247 19
480 116 25
794 200 24
431 855 26
78 546 23
406 896 16
652 384 18
866 691 15
450 798 22
192 649 6
152 696 20
797 308 19
859 83 14
393 606 16
97 720 15
332 252 9
861 853 8
791 817 11
884 471 17
540 70 8
762 725 3
433 416 13
518 493 12
251 74 11
294 733 16
738 81 28
493 312 7
652 303 17
259 181 15
108 870 -2
549 251 6
181 337 28
880 879 5
708 228 23
549 363 23
181 101 28
236 684 19
702 840 8
422 292 24
808 0 14
459 437 17
398 286 13
651 492 26
848 704 18
807 832 4
551 150 21
866 370 20
181 413 24
718 886 25
75 642 17
709 220 15
545 595 22
147 675 31
274 198 15
720 761 22
547 136 31
864 436 17
874 783 17
369 710 25
396 478 10
312 304 20
872 438 32
851 685 18
165 407 12
870 140 22
65 432 24
473 525 25
698 683 28
555 333 19
25 94 17
193 811 28
258 431 16
260 589 20
657 122 5
183 481 19
616 893 16
470 395 20
232 171 25
235 613 5
510 446 5
462 347 21
895 609 9
790 361 23
131 95 26
391 679 33
24 338 23
179 731 21
802 461 -4
127 588 11
446 298 23
600 838 10
508 148 13
809 223 10
195 829 15
253 692 15
845 808 26
15 213 19
449 339 31
312 595 26
446 754 14
536 409 39
847 798 17
854 834 18
131 275 7
650 801 23
668 178 21
111 609 30
727 336 18
760 44 21
58 176 18
592 843 28
19 710 12
747 415 31
514 108 21
13 373 17
473 680 14
795 616 24
167 266 15
363 496 27
83 282 11
104 17 7
803 376 22
429 120 26
537 547 13
582 308 14
524 61 16
758 302 17
258 16 16
151 180 22
899 386 22
751 483 12
774 341 18
234 56 14
830 178 5
300 229 25
831 746 28
604 103 23
880 858 4
636 668 26
587 208 20
321 786 22
312 750 30
215 80 20
884 487 33
270 58 16
50 329 18
82 843 22
887 402 10
118 714 32
556 358 19
174 308 7
623 701 22
683 781 29
48 451 25
784 36 11
30 498 20
783 185 18
248 852 19
774 36 19
733 769 24
710 512 15
18 248 32
121 696 10
384 685 16
261 761 13
681 412 28
541 67 6
220 517 29
359 28 22
327 572 16
543 403 24
49 728 23
411 49 22
584 820 16
879 49 10
247 748 13
398 787 10
2 829 16
327 284 12
850 717 18
775 566 13
827 227 23
168 39 10
26 757 10
337 114 17
303 268 28
561 210 15
352 169 15
709 251 8
522 336 17
348 882 25
53 854 26
325 799 19
171 414 24
654 533 27
81 877 14
98 570 27
192 530 17
67 25 7
352 849 24
701 87 34
607 625 19
7 491 25
408 602 23
460 53 10
280 171 6
105 649 16
797 558 14
817 789 25
806 766 11
137 694 19
496 404 14
233 242 26
148 257 11
818 859 16
860 663 24
256 78 14
852 582 18
843 202 16
6 40 13
69 561 17
308 891 12
87 334 2
207 144 34
255 575 14
602 525 19
2 357 26
62 575 25
98 246 25
218 278 16
575 614 23
42 143 18
573 105 4
732 428 25
535 815 4
505 781 18
193 826 8
63 638 21
844 327 11
635 475 5
519 482 27
218 889 17
82 251 19
603 292 17
377 653 21
49 332 9
373 127 28
565 544 24
876 571 18
681 604 24
33 762 27
540 832 26
276 711 22
407 838 34
347 513 18
79 249 18
737 273 5
212 115 26
214 170 15
860 809 23
461 567 13
862 251 27
674 344 25
806 90 21
172 236 29
717 290 24
686 887 11
612 242 14
26 293 21
398 262 13
265 222 18
312 149 21
477 329 21
184 871 17
581 247 21
126 28 18
392 15 39
657 193 23
439 528 22
789 322 18
47 722 10
301 52 31
573 428 33
533 116 7
795 607 24
212 822 23
663 128 6
61 371 15
611 317 25
677 289 26
475 43 26
105 534 32
806 182 18
850 232 9
70 848 7
868 357 15
312 806 13
763 489 18
759 129 18
767 778 26
253 273 7
363 748 30
738 546 18
726 432 16
392 28 22
769 465 6
663 752 30
752 619 17
344 594 14
311 710 0
287 751 1
152 334 19
632 741 18
68 794 6
514 273 7
614 24 24
67 719 8
596 791 19
664 450 6
125 733 38
775 449 9
589 631 24
121 514 21
768 433 10
674 3 10
90 702 23
113 42 18
790 55 22
43 503 17
532 595 18
861 87 28
501 509 4
208 651 13
573 277 3
317 831 17
2 625 30
659 376 1
679 534 17
214 351 24
821 362 14
349 712 34
94 91 24
491 856 16
9 197 15
379 464 26
580 574 16
471 523 28
501 440 8
110 235 19
211 315 14
663 476 9
668 422 15
753 362 7
650 374 13
315 683 28
443 758 23
354 859 16
871 743 12
112 557 5
862 389 12
685 332 18
73 596 -6
881 731 27
19 668 18
819 207 15
517 641 16
814 309 28
713 874 20
367 533 28
725 888 12
661 61 21
721 592 18
307 293 12
747 100 28
0 273 19
146 294 9
596 184 17
809 628 13
383 429 11
379 77 23
645 254 14
504 204 9
489 791 16
109 599 19
186 681 23
269 713 25
826 808 26
607 872 18
374 87 20
83 297 5
842 29 13
173 290 13
309 706 22
402 484 17
247 771 12
833 179 26
772 875 17
615 595 18
124 551 25
358 550 20
329 882 23
64 654 7
44 698 20
449 636 22
168 25 11
507 232 6
403 389 11
779 691 21
880 152 9
576 274 5
90 813 29
268 246 18
166 315 12
779 571 31
625 671 14
290 142 39
331 769 31
160 364 28
700 443 16
574 539 14
860 63 4
161 557 14
195 853 23
720 307 15
546 178 21
192 879 34
336 832 26
407 453 18
483 412 24
875 103 25
180 93 30
620 459 32
848 32 31
883 619 22
150 41 30
268 142 -3
134 479 23
625 85 14
806 403 26
541 191 14
711 192 22
262 741 18
8 799 20
129 734 21
748 526 38
785 68 23
435 248 24
666 387 32
770 241 12
180 719 19
474 427 31
595 834 13
832 728 29
527 860 1
446 381 27
222 443 20
393 740 27
512 374 19
452 178 15
491 1 21
120 794 16
684 887 23
687 275 13
812 699 5
698 72 7
673 811 20
800 203 38
273 178 23
302 374 14
243 499 2
151 504 16
750 624 21
587 1 14
798 675 23
77 616 33
593 15 27
3 433 23
812 59 19
578 436 20
126 411 21
80 332 19
300 565 0
647 212 13
501 557 18
517 121 19
714 240 11
549 114 19
656 151 13
46 106 15
699 388 17
430 559 38
829 587 20
269 666 32
689 559 16
88 470 23
713 784 21
624 229 31
527 292 20
705 796 18
301 56 10
693 634 30
443 35 12
788 244 11
303 408 11
149 726 12
308 304 24
741 319 34
633 747 28
212 439 16
301 832 18
592 1 7
800 171 29
465 32 20
93 294 15
306 1 9
432 461 27
817 322 18
283 526 24
611 352 16
715 221 15
878 22 19
26 516 19
104 423 17
687 635 39
568 667 13
383 804 37
609 654 15
412 428 25
452 227 12
586 533 29
284 194 17
559 685 9
689 874 19
816 24 32
896 207 31
436 334 13
186 524 24
565 81 34
322 650 36
580 556 0
610 302 10
351 838 15
854 346 11
438 727 15
289 500 24
473 775 21
81 552 26
487 336 24
276 292 17
418 601 18
337 168 39
552 784 22
612 89 18
841 13 22
436 221 24
807 85 16
295 693 -1
223 861 20
654 134 29
67 281 16
850 464 27
563 65 15
550 359 38
611 865 10
539 19 -4
297 459 9
686 240 25
226 162 21
340 884 24
58 558 23
540 602 25
522 651 5
140 171 20
193 346 21
475 670 23
875 445 20
720 246 17
353 141 37
837 6 20
562 673 10
561 874 22
307 662 21
760 803 25
355 720 18
495 114 21
792 34 13
106 623 7
28 820 22
390 117 10
618 808 19
408 97 22
756 537 22
458 164 18
478 595 19
885 148 27
431 894 13
113 410 19
870 686 23
255 794 6
816 319 33
401 673 15
413 677 16
543 299 35
338 25 27
385 337 16
625 829 27
113 891 17
334 448 24
727 106 23
553 227 25
645 555 4
411 9 18
346 649 9
200 347 16
877 647 27
116 336 27
548 279 20
460 629 22
291 328 21
823 725 23
153 112 23
35 466 20
883 554 34
895 130 8
657 517 25
501 443 17
370 330 8
227 826 23
580 573 16
662 511 30
143 64 16
644 219 14
509 146 37
219 392 8
288 189 11
681 4 21
637 760 11
765 498 20
817 153 23
357 451 20
40 403 15
530 755 25
703 81 30
748 407 18
537 573 15
59 134 33
610 681 13
722 163 9
178 482 27
138 595 19
614 96 32
379 881 -3
660 560 18
454 71 27
567 378 15
514 356 27
505 92 24
437 455 17
834 796 27
317 292 24
203 223 12
784 336 36
56 787 11
662 297 21
580 807 31
680 748 14
775 551 5
214 675 15
171 109 11
764 597 18
140 167 18
411 634 12
102 388 16
135 859 25
164 423 22
25 755 22
262 619 22
20 434 26
111 104 26
540 830 14
504 64 13
615 24 10
265 224 16
509 29 26
300 441 9
833 307 28
545 79 22
655 288 19
579 701 19
46 173 18
708 205 11
704 140 11
359 241 24
42 461 24
741 87 9
558 38 27
6 705 21
818 342 19
667 155 19
583 772 19
544 577 14
306 434 35
309 221 24
143 336 34
360 326 18
543 567 28
437 537 14
428 576 20
239 45 10
550 877 9
249 524 24
128 703 15
173 26 32
733 342 6
184 527 27
852 94 12
324 676 16
189 354 12
524 746 12
648 280 21
214 501 34
688 100 20
245 238 28
166 852 15
314 392 20
300 359 22
248 691 23
444 273 12
874 416 20
116 693 27
41 849 28
762 749 21
881 861 39
696 507 18
261 617 33
829 730 19
680 435 33
407 337 20
145 70 9
293 603 34
535 442 15
3 429 28
670 508 21
620 233 25
725 33 18
13 159 6
777 123 20
85 57 6
614 700 25
504 24 27
688 199 9
433 625 19
81 500 14
668 787 26
750 204 37
744 243 24
274 456 17
404 536 24
862 456 32
385 771 29
331 530 27
747 375 12
100 423 19
871 175 23
825 552 32
323 306 27
143 248 22
149 531 25
744 248 4
389 532 31
848 691 -1
660 75 8
4 219 30
233 387 25
22 130 28
314 112 14
58 0 34
554 174 33
448 802 19
389 390 21
878 828 14
1 390 12
400 708 17
793 765 21
391 280 31
637 776 13
263 632 18
897 76 13
369 269 16
803 841 14
606 852 33
765 804 12
732 537 27
609 74 28
73 680 23
531 456 13
679 537 33
232 798 16
416 236 26
428 179 22
578 293 9
320 556 26
679 511 19
456 430 21
881 638 20
420 515 27
102 392 27
820 692 24
255 592 24
861 518 14
777 597 25
839 132 25
391 36 -3
40 359 14
532 795 19
313 316 13
29 771 24
872 150 25
137 30 22
195 226 22
525 709 22
120 204 19
655 650 6
606 146 37
679 789 27
587 606 16
854 588 32
684 326 23
590 633 22
745 543 8
319 99 21
83 345 11
759 300 35
804 245 25
6 567 24
832 801 29
381 661 13
520 679 13
409 19 15
107 0 16
297 783 24
93 278 18
498 477 18
455 542 18
231 872 14
355 453 22
174 694 27
791 688 13
364 396 27
299 863 28
107 143 32
756 894 22
274 208 5
571 401 20
250 214 16
315 32 -4
55 214 21
507 71 27
431 765 27
796 413 21
618 368 18
103 65 9
539 427 13
155 291 13
213 194 34
295 395 6
490 59 23
318 530 26
486 722 12
104 371 12
430 628 21
41 795 25
712 624 19
303 341 18
231 804 16
157 594 25
341 788 26
443 745 30
102 554 18
432 135 20
375 183 18
529 680 21
671 859 14
73 159 20
823 885 27
714 381 19
897 154 13
728 852 12
410 554 21
85 779 24
637 422 17
26 880 25
764 641 28
719 14 30
621 271 9
125 424 15
374 539 5
790 745 26
350 510 26
426 76 19
0 846 19
148 111 9
260 24 25
397 394 9
279 313 25
159 455 21
138 101 -1
497 540 21
416 787 14
339 594 16
318 537 17
765 196 28
309 418 19
189 68 19
724 215 20
193 127 19
257 330 13
356 802 21
897 692 24
407 538 10
190 42 12
404 769 -1
446 648 26
882 506 21
809 148 24
680 426 23
491 652 23
239 751 5
399 242 17
565 85 15
374 439 19
268 812 28
170 371 17
278 824 20
237 58 19
132 852 24
606 649 25
10 409 15
126 90 19
836 164 22
512 614 19
780 136 22
8 147 34
482 694 22
334 808 20
462 733 22
856 331 24
205 406 13
829 228 17
48 491 35
480 276 21
380 437 14
820 763 12
678 42 18
527 895 28
383 121 14
103 54 16
794 319 26
199 522 18
52 520 28
208 417 31
274 67 16
404 181 28
323 451 21
192 589 24
803 334 26
648 867 28
768 617 11
809 352 19
106 567 22
714 262 26
714 663 22
393 163 16
338 761 19
64 95 6
272 16 26
310 107 16
295 180 10
135 232 17
556 57 27
634 348 16
275 438 30
882 400 28
3 81 18
132 496 11
71 701 7
193 671 15
869 721 19
318 106 16
306 580 21
752 645 19
4 576 18
629 874 -4
555 832 12
526 828 22
853 310 11
852 588 14
134 803 36
655 183 23
278 808 3
894 665 36
850 62 27
545 142 11
368 251 14
100 328 14
146 333 24
353 400 23
508 346 16
334 665 20
542 166 3
51 678 27
533 156 14
286 654 25
490 37 19
424 566 19
287 370 20
366 637 11
631 389 -7
745 568 17
148 203 9
604 479 14
561 706 22
164 794 10
591 831 35
336 260 8
210 559 21
61 383 8
113 703 17
565 92 21
636 724 8
813 644 37
817 881 21
881 619 27
155 457 8
444 527 11
888 862 8
862 322 19
568 643 9
622 34 7
773 434 18
626 433 15
367 484 24
162 185 18
50 467 16
134 473 19
199 119 24
511 381 20
781 680 32
793 551 10
254 246 25
851 141 14
700 841 14
869 672 15
303 316 19
510 749 21
587 364 21
270 289 11
777 756 5
882 639 19
700 482 12
606 326 20
575 751 32
677 243 33
476 472 13
419 319 18
236 619 21
139 40 13
809 174 26
344 316 14
666 168 24
710 401 26
576 390 34
532 107 22
885 710 32
784 3 22
673 612 31
150 717 20
652 16 15
680 752 19
511 138 15
425 547 12
312 421 31
310 885 10
338 567 19
274 300 25
496 459 8
108 717 11
825 59 11
439 138 13
596 154 22
889 55 18
497 423 27
351 628 27
194 304 19
819 703 1
195 568 15
727 454 7
537 17 14
200 30 38
325 70 26
208 465 29
151 45 14
870 15 14
753 611 34
405 23 1
643 508 31
185 61 21
65 156 35
827 65 0
455 818 13
81 214 4
127 269 22
338 9 11
608 723 29
55 835 6
852 690 15
758 296 20
115 141 14
885 681 11
446 570 17
729 598 21
642 791 28
345 403 21
748 741 35
627 103 15
135 827 14
664 716 10
803 218 8
674 692 23
352 736 9
806 592 21
491 150 21
243 193 30
344 128 18
810 578 7
594 726 14
227 316 29
237 24 20
618 164 20
742 359 13
241 797 2
623 305 20
184 512 28
356 583 43
473 861 19
492 656 22
614 542 15
219 38 11
655 267 19
438 292 31
353 254 22
730 203 14
869 113 28
435 371 16
512 504 14
823 690 17
557 460 18
858 59 28
743 795 32
849 760 5
202 132 10
148 756 19
660 507 8
61 141 21
101 7 14
129 583 31
169 830 15
72 754 21
491 192 33
458 599 17
501 616 17
840 13 14
26 539 39
513 68 17
489 84 19
422 212 20
757 263 6
166 798 21
125 204 27
15 489 21
447 443 11
834 253 14
877 800 22
477 853 24
632 807 7
668 562 27
8 56 20
876 400 5
380 326 21
282 185 23
589 197 34
243 873 13
462 355 26
123 318 14
619 33 14
868 894 19
606 243 30
208 615 24
512 507 27
311 525 17
354 567 10
123 325 12
814 118 26
256 582 20
684 834 24
35 237 23
345 679 31
851 78 16
749 820 17
47 196 30
601 155 40
276 241 16
282 258 14
92 30 18
899 86 32
158 216 14
745 40 23
463 423 19
873 808 9
229 723 34
127 440 24
546 161 11
97 335 18
489 379 11
704 663 20
8 721 27
868 594 18
804 178 20
701 752 26
168 265 17
512 26 17
297 811 20
764 788 20
404 139 25
283 374 26
277 872 9
420 271 36
363 774 19
864 253 22
227 460 14
391 202 24
684 135 23
230 723 20
45 65 24
376 733 11
235 592 21
400 434 12
654 749 16
279 711 36
140 454 17
247 847 20
496 7 25
314 865 17
58 148 23
549 127 20
329 720 28
520 501 33
595 542 15
101 850 22
704 882 19
384 357 26
201 627 21
846 412 36
423 775 13
177 36 24
453 357 17
605 552 10
305 750 12
106 695 10
511 451 22
478 274 6
244 558 20
816 372 16
618 797 19
198 549 20
28 359 27
536 770 20
100 503 24
421 193 16
638 802 17
644 208 36
239 460 19
361 273 21
132 379 37
163 568 16
583 185 19
23 91 21
149 269 5
148 160 24
894 477 23
217 558 17
596 531 27
349 812 24
793 690 20
196 599 12
593 737 19
745 82 23
0 163 28
10 643 18
504 779 0
6 4 29
320 474 15
103 795 11
896 424 7
540 411 12
698 475 28
76 628 25
484 249 21
277 373 23
678 53 11
129 24 20
317 411 19
477 161 21
481 111 9
478 61 27
223 284 28
520 324 1
21 398 13
807 693 22
100 572 14
775 410 30
313 682 17
81 125 22
394 740 24
171 829 23
764 458 45
75 260 36
695 676 20
463 435 25
380 573 15
269 680 20
83 786 24
493 107 16
90 766 15
229 818 22
605 761 23
751 673 23
330 744 14
55 418 16
560 610 23
640 758 23
138 117 18
178 518 31
516 130 11
343 531 14
558 80 10
265 566 21
856 787 20
328 9 30
706 83 18
810 146 4
130 641 13
782 237 11
344 388 21
110 363 23
524 758 32
722 572 29
34 143 22
590 364 36
308 562 15
889 560 24
539 877 20
33 17 26
447 731 24
636 459 22
143 881 34
58 708 19
783 138 19
305 201 16
650 393 20
534 75 21
386 269 24
326 782 26
314 814 26
76 886 31
743 288 10
129 584 23
224 188 20
296 96 20
90 616 16
215 865 21
367 539 10
507 208 11
355 437 25
52 193 18
59 746 30
394 577 24
64 442 26
867 494 15
158 0 15
176 24 21
287 198 14
419 685 24
447 533 14
536 178 26
355 843 28
206 511 21
115 485 21
504 331 17
813 185 21
463 137 11
711 841 26
462 216 16
541 705 13
545 802 30
427 100 10
520 81 12
220 282 30
153 198 23
53 891 22
830 341 27
301 811 15
414 102 20
629 672 24
616 822 17
15 478 20
52 530 17
370 151 27
469 604 20
628 23 13
373 868 26
665 609 15
293 784 21
643 857 10
71 856 27
85 644 13
556 539 23
58 133 14
376 735 23
700 669 20
47 240 14
154 126 8
342 640 14
585 220 30
255 155 5
529 354 20
229 224 25
469 385 26
429 633 12
62 870 4
842 716 21
548 463 16
892 298 27
833 517 5
801 296 10
881 549 23
855 376 6
32 791 25
568 191 14
614 245 0
2 225 6
587 757 25
402 666 15
647 657 27
347 5 25
699 782 15
195 730 26
208 792 23
201 683 33
861 776 22
887 296 5
194 674 10
221 664 10
420 429 16
279 343 28
243 120 14
508 883 17
855 406 29
410 899 23
695 686 14
800 31 17
44 217 26
363 72 35
825 666 16
14 573 6
711 152 21
131 182 26
183 296 18
814 724 38
80 840 26
454 334 15
360 872 21
701 817 35
376 608 16
398 13 22
694 422 32
410 753 2
164 33 19
694 890 8
92 261 17
12 809 22
79 899 -2
159 479 6
232 691 23
872 896 9
139 180 32
99 205 14
514 400 34
449 842 25
528 589 17
780 894 20
422 538 22
765 624 10
407 43 17
502 550 22
597 434 18
720 770 26
599 81 13
633 827 5
453 476 23
627 276 11
535 413 24
774 658 30
318 580 20
302 835 24
263 187 30
606 255 21
804 0 12
881 280 21
305 535 15
362 626 21
224 327 4
780 579 25
338 780 38
178 328 17
492 177 35
882 513 16
21 267 16
162 680 25
41 140 18
344 419 29
297 475 16
794 864 2
318 560 13
648 347 14
53 649 9
0 228 26
392 546 25
764 631 11
760 701 10
122 529 15
460 765 21
871 557 27
81 663 27
837 416 31
207 490 21
654 131 10
424 84 20
170 769 19
405 480 16
461 506 25
406 225 36
0 470 30
153 263 37
371 834 21
528 481 18
778 897 32
477 755 17
342 676 34
713 602 16
83 798 6
844 635 32
28 492 6
85 363 17
292 669 18
376 225 25
13 823 12
535 350 13
19 309 14
476 617 22
840 549 15
853 391 21
384 446 9
828 199 28
634 149 32
564 864 23
816 131 21
100 215 20
380 301 24
453 530 13
437 98 28
585 629 19
543 465 19
159 845 10
190 668 15
222 167 19
391 12 37
40 243 28
415 606 26
129 465 1
329 646 27
216 471 15
366 580 21
219 473 11
688 725 29
357 585 25
675 579 27
413 45 24
213 587 25
247 21 25
892 867 35
344 195 3
201 175 9
130 636 16
406 573 22
220 697 14
635 20 12
111 534 9
490 221 34
72 740 2
827 476 23
496 159 21
271 260 10
379 314 24
114 111 6
502 794 15
456 303 34
149 826 10
678 297 24
749 690 9
505 568 29
656 484 26
223 877 16
776 493 24
96 739 42
113 696 13
287 102 27
866 22 12
165 4 28
581 847 32
268 174 26
838 658 27
548 534 9
377 370 11
331 48 26
896 183 6
303 287 11
849 676 15
840 677 12
141 748 40
669 430 19
414 690 28
838 123 17
81 506 10
876 310 19
188 759 33
399 389 19
141 486 35
363 641 16
137 896 9
84 521 25
859 135 23
259 392 17
43 512 27
627 869 10
864 744 12
390 321 17
635 229 18
224 602 10
655 371 10
117 256 28
438 587 28
272 197 33
226 486 30
207 433 27
217 703 15
835 342 28
433 356 20
247 116 11
664 393 20
154 294 26
585 298 14
91 623 5
214 225 20
306 757 26
507 886 24
334 841 29
847 234 11
325 147 25
706 851 31
156 243 11
729 412 14
735 161 22
52 784 23
808 67 24
136 398 12
44 885 17
410 369 16
397 355 15
483 693 13
430 610 10
198 781 43
117 892 1
768 301 33
503 188 23
878 348 10
624 287 39
673 868 22
873 607 18
705 643 7
603 425 17
778 653 22
315 514 22
837 630 13
620 313 17
429 406 23
48 33 25
753 369 27
42 770 21
91 817 19
75 825 17
87 22 20
141 593 29
463 569 22
57 884 24
583 777 29
682 93 21
356 249 34
763 441 15
332 33 22
592 722 21
610 692 27
507 149 24
396 252 23
813 10 27
135 659 19
227 767 27
743 610 22
143 127 33
51 606 17
483 596 12
578 354 19
583 147 12
209 468 36
318 397 21
121 681 26
269 795 19
432 78 20
459 745 30
587 267 15
498 518 21
467 126 25
384 787 15
647 623 34
682 276 13
126 73 20
785 833 23
295 525 28
884 686 30
204 403 22
105 92 25
751 777 14
717 652 23
623 794 17
381 210 16
518 803 12
603 825 36
244 473 17
297 692 15
463 50 8
325 817 18
320 161 28
106 466 18
27 747 2
445 422 7
430 657 32
694 832 18
864 625 16
550 25 30
171 523 25
325 105 18
793 611 19
500 492 35
567 708 14
6 623 19
836 50 30
172 105 16
624 757 24
727 18 10
698 555 14
397 227 25
836 602 10
250 152 19
485 129 11
463 819 10
42 148 12
671 202 19
611 768 13
846 96 17
406 384 30
801 174 23
576 287 22
576 850 20
70 319 20
788 103 17
89 762 13
46 836 6
861 395 32
761 773 29
439 710 24
845 677 7
473 519 19
728 389 35
772 402 20
819 109 16
203 648 9
755 873 25
692 880 16
488 442 21
140 234 10
815 425 19
610 670 23
422 603 14
507 567 20
140 534 23
275 6 23
489 766 23
7 689 13
658 682 21
759 270 15
868 798 14
887 686 22
878 447 10
232 875 19
667 588 16
627 822 8
190 879 11
142 208 20
774 25 18
200 382 14
278 77 13
43 159 14
550 547 18
896 225 26
109 689 23
723 871 30
535 95 28
890 179 8
374 20 31
16 298 28
523 306 35
100 430 14
599 53 18
424 394 11
658 119 13
798 713 3
180 619 32
749 746 9
259 97 25
144 140 11
455 242 23
154 601 1
723 403 5
230 607 16
555 317 24
299 71 18
874 733 16
539 266 28
8 647 24
62 228 26
110 737 5
802 894 21
149 742 23
706 799 7
2 451 26
291 538 24
333 602 16
330 786 16
577 875 19
543 617 23
131 209 17
721 313 32
800 459 13
786 59 8
272 688 19
412 690 20
171 611 5
664 476 13
892 591 31
133 49 15
373 483 17
528 58 8
415 769 10
192 315 12
273 720 25
658 457 15
253 128 11
442 189 14
291 887 14
559 436 25
850 130 3
634 121 26
639 535 19
765 399 16
447 505 22
221 869 23
341 73 37
468 254 20
476 167 23
856 864 19
79 592 7
298 675 21
762 789 16
362 644 18
284 436 19
639 85 18
428 425 15
188 67 26
69 201 27
339 782 13
323 649 15
23 763 28
122 735 24
162 650 23
260 815 19
85 615 27
861 358 36
181 113 10
168 766 24
406 770 20
356 481 11
574 536 13
173 189 10
373 720 3
348 209 33
31 493 20
349 141 9
22 801 21
44 298 22
275 747 20
798 180 22
221 872 13
799 694 17
647 839 12
624 850 13
806 547 10
701 70 21
544 249 23
763 800 27
887 195 5
765 770 25
729 433 15
249 626 20
824 159 25
110 119 19
703 350 11
432 684 17
144 486 33
338 429 23
118 77 20
672 257 10
498 717 23
160 74 17
193 292 10
360 181 32
744 522 26
704 107 23
646 616 18
15 202 14
507 379 12
423 262 39
547 845 18
661 806 28
467 456 19
154 117 3
463 161 12
749 298 38
63 463 27
667 718 16
277 831 10
822 693 14
788 342 0
18 673 23
191 248 15
805 827 28
651 405 32
644 713 17
728 221 31
270 584 17
817 571 15
482 393 13
754 254 22
661 256 25
852 806 8
66 7 26
50 281 17
851 607 18
662 123 26
143 623 13
546 507 8
118 715 12
390 198 32
713 5 22
581 334 14
62 19 13
584 847 26
208 431 15
142 542 39
705 184 16
440 117 18
31 247 25
227 599 24
741 547 23
478 442 23
548 681 6
167 108 9
805 868 25
439 512 3
883 446 -1
552 483 20
115 104 24
40 127 23
769 225 19
109 609 28
717 310 14
692 768 29
413 592 15
183 792 19
395 401 22
704 405 23
586 301 26
427 259 43
481 346 28
342 809 22
634 473 7
279 741 21
535 572 17
306 780 11
85 535 23
809 779 18
837 392 23
374 246 22
225 554 24
362 11 36
526 598 33
521 655 30
556 627 17
647 625 13
595 36 10
889 7 23
372 829 6
448 130 18
895 161 6
724 830 8
614 419 16
514 880 22
322 557 26
227 406 19
27 883 23
471 252 14
262 209 28
767 277 19
305 41 3
49 359 21
263 626 21
198 82 29
792 254 8
17 582 12
891 657 26
853 644 23
279 234 -12
347 365 21
642 577 21
244 710 18
372 674 17
516 217 29
85 600 15
500 207 23
115 707 17
4 505 10
359 39 24
355 482 28
174 30 0
372 269 22
581 599 24
724 431 16
387 62 15
885 141 10
631 260 14
894 651 13
880 175 20
896 411 12
832 110 27
187 726 9
216 279 27
784 785 16
801 209 32
469 51 30
727 443 15
210 124 14
687 703 14
676 493 22
504 1 21
835 712 19
79 855 5
887 775 19
198 463 19
207 821 11
795 760 25
604 230 30
690 601 15
41 438 24
410 774 17
717 73 28
107 249 5
749 785 25
290 300 30
265 267 20
349 198 24
625 548 16
583 4 9
844 806 33
601 711 29
217 525 34
794 278 22
484 696 13
720 581 18
644 146 29
818 633 27
169 208 26
491 80 19
411 250 17
269 119 28
275 429 20
174 373 17
579 237 31
34 564 8
601 296 4
534 122 24
44 600 10
69 221 25
812 22 21
104 823 22
64 643 19
96 755 26
816 455 12
856 126 27
141 69 9
306 17 14
214 112 18
376 209 21
323 736 21
729 106 21
815 553 30
3 195 0
767 281 31
755 293 20
742 622 15
856 2 34
230 131 24
2 642 27
797 776 12
596 675 20
295 45 22
54 727 13
791 827 18
35 33 24
468 790 16
343 329 16
445 21 16
581 164 16
288 368 15
692 802 19
335 132 24
33 549 16
677 140 20
714 716 31
57 352 16
388 143 18
727 808 13
329 266 16
386 427 17
99 663 14
643 285 27
300 228 14
645 797 9
431 501 10
559 593 30
194 68 24
673 25 39
294 669 9
426 26 20
234 128 14
194 830 27
585 465 14
893 219 21
317 436 13
875 874 18
131 417 21
720 533 22
443 553 20
103 305 24
831 559 15
252 697 15
277 467 26
499 820 17
411 406 13
256 830 21
311 295 17
539 777 21
569 386 40
176 866 37
281 573 22
361 133 29
829 872 0
726 769 17
156 526 33
153 559 24
470 355 18
288 855 9
598 344 16
733 609 23
372 467 17
564 596 22
221 159 22
432 323 29
374 199 16
142 100 18
405 873 17
42 819 21
398 661 5
286 632 13
107 285 18
790 52 26
502 281 20
3 779 27
497 156 14
450 875 15
396 733 22
184 264 24
493 403 22
451 299 16
795 690 10
70 197 14
497 357 20
312 669 22
463 36 30
9 593 23
80 112 20
673 361 20
82 49 11
834 493 14
699 483 18
788 734 17
116 844 21
521 477 30
773 468 23
876 123 8
510 821 20
783 99 11
566 142 25
695 467 30
547 792 34
740 826 18
887 23 28
411 22 26
34 521 36
73 871 10
679 595 15
432 174 21
665 805 17
770 226 18
136 766 14
682 370 24
107 477 25
613 161 33
236 268 20
282 212 19
179 582 23
241 644 13
238 52 12
872 60 20
162 207 11
528 267 24
110 658 19
272 310 22
316 179 21
455 676 24
639 692 11
786 872 33
404 220 16
375 136 27
876 584 18
383 686 17
490 479 18
100 373 16
824 617 28
313 341 21
781 156 30
338 840 16
192 725 32
98 616 5
483 630 11
68 218 20
237 718 12
854 116 35
872 138 26
129 677 -2
21 15 28
160 109 15
82 268 15
276 790 16
733 11 16
864 483 23
430 427 21
410 682 22
161 307 21
643 3 17
715 206 14
796 400 23
895 782 19
855 747 34
104 645 24
30 319 23
814 241 25
509 567 19
322 120 13
161 513 25
810 245 23
465 102 21
397 799 31
898 321 29
58 155 30
453 116 18
820 233 24
462 509 18
770 559 33
605 42 22
439 163 3
131 693 27
780 725 25
271 708 18
842 18 8
432 90 20
318 782 27
331 494 22
269 709 16
273 678 11
327 683 16
520 629 30
832 429 26
170 480 20
754 278 39
482 512 16
34 820 20
226 413 10
152 606 9
20 671 17
651 72 12
619 147 21
436 899 20
296 888 22
102 315 18
740 73 25
665 821 32
727 890 17
158 25 -1
709 527 19
177 254 8
60 403 12
415 630 11
790 589 11
773 780 19
254 162 8
243 206 13
259 220 37
227 455 13
93 578 26
853 277 14
772 702 18
714 504 18
370 589 13
527 557 3
393 109 19
648 752 -1
532 321 11
143 158 23
301 803 21
267 783 14
13 593 16
356 744 20
97 144 12
296 241 11
69 824 14
304 728 18
805 858 22
645 497 24
258 81 23
787 192 26
388 498 12
299 815 26
802 774 22
60 429 33
340 867 10
52 599 22
831 223 11
765 192 11
41 644 14
345 775 39
768 668 19
225 267 14
597 151 27
194 321 14
183 678 25
879 631 12
821 752 4
651 452 29
746 678 33
376 418 11
291 731 11
112 536 19
417 468 19
580 5 19
243 703 6
502 1 18
376 188 9
18 45 17
771 689 28
607 783 30
401 808 30
584 775 9
521 641 16
473 791 26
87 136 20
344 432 11
549 479 9
468 148 21
651 238 20
148 325 11
186 595 37
721 360 12
869 317 31
491 318 24
54 876 35
626 758 24
452 723 26
111 766 28
494 163 7
430 873 3
596 150 16
463 397 38
76 265 24
287 582 26
1 81 29
747 401 27
401 616 10
320 376 23
303 766 34
418 781 34
136 446 13
224 884 12
727 598 17
845 345 33
652 882 17
633 188 5
616 11 19
303 235 20
23 864 27
164 59 13
439 567 33
409 333 30
266 854 22
29 6 7
81 841 14
583 493 18
431 198 10
153 377 11
121 458 12
481 313 16
762 535 9
762 62 27
259 201 35
834 53 27
119 1 17
769 249 13
735 574 11
75 470 14
720 450 22
892 649 5
783 131 10
103 241 0
810 673 27
841 200 31
154 817 15
91 195 18
537 177 18
809 506 17
323 46 20
327 47 33
171 701 19
20 867 8
58 70 17
717 318 8
171 584 22
495 109 31
42 311 28
898 249 11
574 90 20
850 498 22
830 5 26
532 30 29
431 228 20
605 228 24
198 715 19
384 28 6
366 73 27
306 149 20
117 744 11
3 747 23
658 61 18
739 241 19
893 333 24
712 14 30
686 771 11
497 195 12
338 60 25
476 729 12
238 807 14
653 442 25
583 476 14
657 599 5
194 853 12
687 823 33
868 396 8
524 570 15
680 816 22
225 264 11
603 184 14
632 374 35
617 150 20
306 624 32
362 396 20
395 889 29
335 147 21
849 688 12
362 891 26
302 545 16
232 677 7
502 823 16
256 677 15
613 798 30
617 456 27
752 476 19
364 579 21
769 251 25
188 0 21
152 704 24
337 237 17
13 59 25
735 773 21
81 616 10
269 383 29
142 456 19
202 277 15
518 786 28
352 818 29
327 784 5
294 139 10
582 397 21
446 575 13
177 132 24
706 60 13
771 344 17
532 203 14
313 869 17
712 770 26
289 445 18
615 825 32
211 844 24
391 763 23
718 129 16
249 122 16
861 309 21
140 273 15
10 637 19
516 768 23
767 457 13
857 81 26
657 280 19
324 191 18
68 126 20
364 63 15
432 592 15
248 591 14
697 662 17
129 880 29
28 120 4
616 237 16
142 212 21
529 466 26
536 529 8
466 486 17
484 184 21
380 418 6
617 772 18
480 243 22
713 703 17
453 601 6
599 597 36
273 541 18
452 284 34
337 516 8
659 813 26
787 236 8
241 12 31
771 48 27
272 98 28
64 196 17
331 302 18
540 296 23
546 78 20
489 187 30
894 55 28
275 118 24
787 222 15
44 222 32
283 97 24
705 866 17
45 381 22
326 802 15
163 870 13
610 318 21
181 616 20
775 635 23
813 653 22
52 896 25
623 474 17
732 584 36
292 2 23
733 220 22
374 551 22
328 330 0
218 683 16
78 85 32
596 873 12
680 285 17
271 439 5
416 503 23
125 354 15
33 284 22
171 16 28
769 360 23
71 453 31
866 671 13
357 749 17
197 857 19
494 870 16
659 156 17
752 341 18
38 384 27
575 230 9
182 761 19
255 411 17
408 453 14
206 259 27
840 589 13
324 592 4
655 524 32
776 320 0
99 274 23
662 622 10
639 887 16
595 885 17
583 342 29
487 245 22
609 883 8
894 6 14
312 801 39
500 2 23
167 493 19
409 503 13
627 785 27
494 110 3
725 125 27
81 760 11
158 310 22
71 669 11
454 480 10
507 395 21
814 581 22
788 682 5
786 690 20
48 425 17
589 678 18
735 326 22
164 847 11
544 96 20
271 823 19
743 130 24
716 21 8
527 836 28
23 261 29
379 856 8
733 207 17
886 621 16
766 843 28
177 399 23
841 775 16
77 605 19
376 547 15
586 113 17
790 716 24
468 431 9
369 867 38
34 511 28
700 349 19
315 715 26
611 498 26
318 82 17
636 62 20
728 607 13
484 481 17
319 30 25
444 580 23
343 814 17
131 459 41
284 518 19
315 536 9
688 658 17
309 733 33
501 510 25
33 156 28
389 724 17
750 506 16
343 522 14
352 819 18
807 581 24
143 539 14
553 606 24
19 449 26
230 313 18
764 636 28
202 429 18
441 176 24
545 542 27
339 806 18
708 393 30
572 651 14
402 567 28
562 733 29
789 757 16
59 569 19
231 30 33
508 85 21
844 85 28
67 447 31
392 178 17
103 544 11
899 132 9
401 666 21
623 861 17
594 473 18
860 296 19
648 697 38
468 479 38
458 74 22
564 528 17
663 665 13
624 586 29
324 431 30
542 432 27
618 611 23
526 204 14
274 723 17
343 270 27
80 452 20
82 633 9
314 709 14
388 688 19
80 443 29
341 322 14
188 560 12
617 618 20
741 239 15
583 119 9
453 823 25
44 796 16
273 689 17
485 604 29
210 54 20
219 879 24
698 814 10
697 633 12
550 102 25
502 107 24
110 494 31
392 81 29
553 528 14
408 859 28
517 144 14
202 419 16
600 523 20
165 345 1
474 10 9
844 467 26
198 89 7
760 172 19
646 665 16
408 582 29
574 836 12
68 204 23
455 374 14
163 876 7
892 451 11
199 680 18
150 251 12
296 337 21
476 875 37
369 394 23
364 655 20
651 212 30
636 845 14
524 614 26
884 249 20
74 771 9
773 791 18
301 754 8
206 107 29
794 93 13
34 84 25
144 580 31
882 528 11
560 853 27
354 376 21
389 250 34
804 338 21
790 300 13
47 511 22
386 532 20
96 554 10
859 306 21
338 654 23
398 622 17
788 486 10
322 837 25
47 493 18
569 12 44
257 44 3
331 298 23
317 759 11
600 145 17
766 74 27
268 24 15
337 527 22
361 101 26
217 887 3
617 899 20
21 333 3
132 646 5
3 136 9
893 335 23
157 344 10
440 279 22
85 652 37
534 557 9
615 605 21
459 749 14
89 422 17
171 11 27
347 774 21
41 610 31
103 800 17
755 72 35
671 129 11
352 416 28
177 255 18
132 385 18
260 466 5
191 828 15
611 695 25
165 893 15
687 151 16
880 168 25
323 379 8
216 585 25
407 638 16
150 573 6
258 72 15
729 223 23
82 3 6
736 629 23
443 697 28
420 224 14
181 491 19
278 100 33
289 375 8
329 844 24
234 307 22
146 547 5
506 422 14
193 45 16
220 420 20
378 342 20
647 820 22
468 493 9
213 38 15
369 185 25
497 553 25
432 457 29
561 447 26
171 491 13
545 792 13
395 142 31
666 808 4
847 671 6
370 204 10
350 23 20
32 665 8
50 778 6
314 211 25
705 627 17
436 763 16
701 281 21
207 365 27
105 79 22
389 803 24
219 668 32
583 643 21
296 896 8
146 120 5
450 469 20
616 394 8
858 752 19
210 846 25
898 382 18
472 262 18
739 247 20
671 894 20
792 249 4
164 820 12
54 605 26
718 768 13
687 374 26
231 53 12
772 656 33
77 347 13
672 681 14
79 97 7
888 214 28
120 574 17
668 331 18
788 777 13
680 193 21
803 819 27
755 13 26
357 623 18
384 42 25
687 52 35
356 793 8
741 418 7
857 424 22
58 71 40
836 324 18
522 215 24
329 143 26
582 347 12
75 162 25
742 573 34
882 535 13
208 278 30
87 547 17
298 732 35
408 757 21
388 355 25
0 789 27
449 8 14
298 509 29
490 54 2
873 198 22
649 211 8
831 231 13
170 519 17
801 167 20
750 599 10
611 62 0
637 653 11
855 372 22
602 88 13
817 172 6
832 228 14
762 748 23
796 193 23
693 133 15
451 277 23
299 481 27
850 233 27
647 569 17
299 864 24
32 855 23
775 503 16
87 175 7
121 471 9
467 413 22
563 819 22
762 356 15
114 113 18
725 205 32
267 288 18
222 794 37
550 146 18
499 351 13
553 28 6
700 633 34
367 461 20
642 847 10
820 794 26
586 87 31
200 722 23
633 544 22
249 204 20
503 193 21
181 320 11
358 470 18
304 619 12
319 768 13
372 301 12
197 478 12
631 17 0
887 604 18
678 414 17
685 788 14
806 243 27
621 717 34
701 158 17
115 143 22
876 866 14
303 357 18
406 229 11
65 788 35
514 413 16
151 572 8
769 331 19
346 833 9
555 840 10
88 260 28
180 242 20
181 39 23
586 865 9
856 150 10
354 27 25
765 408 19
803 802 13
762 199 30
764 710 22
380 507 28
552 48 18
848 891 17
473 163 29
755 150 19
324 626 30
436 707 19
165 0 22
243 892 24
797 486 14
466 34 11
464 399 18
281 263 33
877 195 27
163 315 12
815 159 27
864 751 14
719 758 24
218 132 20
666 640 20
442 520 23
841 574 25
743 155 26
288 95 20
663 184 19
305 283 -2
238 184 29
194 265 9
574 624 17
834 401 27
342 574 12
540 303 13
381 656 30
92 546 22
383 782 24
70 868 26
22 277 30
2 446 17
601 294 8
547 129 25
577 740 24
595 765 28
793 670 22
280 105 16
90 223 26
264 62 19
23 441 36
446 807 23
621 679 21
339 635 23
808 674 2
360 550 22
670 709 11
632 744 33
232 825 19
629 868 21
850 56 27
572 842 6
478 510 4
400 428 16
49 263 26
388 296 23
550 610 19
17 298 24
681 100 24
169 546 22
515 871 19
732 122 10
716 134 16
124 852 6
838 330 24
338 37 33
808 119 36
627 480 30
321 699 21
247 458 16
733 169 5
654 75 24
268 580 26
690 275 19
458 151 10
610 337 11
806 576 23
501 523 19
364 287 31
572 615 19
127 783 27
642 715 14
392 782 28
397 375 15
604 853 23
219 284 35
573 797 16
866 326 -1
839 890 20
364 625 24
147 387 15
494 31 25
127 123 17
81 32 18
848 195 31
466 54 18
810 821 26
55 668 4
264 78 10
467 790 21
289 845 20
168 164 17
713 654 10
371 407 14
252 740 23
256 68 14
499 334 15
467 714 19
652 604 16
511 782 33
416 364 16
238 26 15
219 65 20
160 760 26
588 562 21
411 736 18
877 183 25
708 182 10
815 584 17
293 145 23
256 819 32
302 775 15
201 198 16
602 499 -2
861 454 15
662 26 9
352 305 18
265 317 22
83 167 3
17 172 33
852 804 22
740 612 31
287 523 2
40 557 30
852 396 25
646 165 17
728 189 25
852 498 10
316 19 15
8 892 23
602 72 6
659 501 38
272 687 24
84 776 14
213 319 18
84 679 12
303 201 12
388 115 20
136 496 29
518 883 23
115 678 26
859 268 23
29 650 3
573 877 27
382 44 15
750 65 26
50 445 20
401 328 27
90 860 23
502 838 16
366 174 24
7 314 9
794 470 14
471 188 10
118 857 12
803 703 18
663 319 22
212 835 5
582 444 13
305 756 1
327 669 13
114 164 28
399 820 8
96 310 8
704 300 3
96 351 14
328 830 11
542 53 37
407 4 2
724 548 24
834 609 22
692 519 11
733 254 19
857 604 31
169 782 21
549 608 16
234 160 10
148 287 19
378 517 24
804 397 13
770 252 19
350 607 15
878 29 27
182 810 20
273 487 15
836 234 24
242 277 11
518 639 30
826 587 15
623 264 24
86 416 6
340 264 21
477 694 28
286 212 18
865 508 2
216 215 13
585 190 15
203 432 24
254 345 16
232 846 28
411 679 21
363 337 19
503 72 24
812 593 24
288 94 10
390 539 14
775 237 26
833 775 26
158 426 14
529 862 4
434 325 28
190 500 23
340 141 13
836 430 25
730 101 12
502 658 22
19 568 22
81 675 30
47 691 25
10 855 26
365 397 15
37 406 22
318 462 24
210 766 18
50 747 27
281 561 16
266 450 14
893 189 20
540 529 7
862 306 18
28 311 24
45 531 22
818 749 2
275 244 28
90 351 11
264 288 9
794 807 25
311 764 2
181 859 21
577 495 25
531 62 18
534 336 11
502 378 26
230 685 12
513 489 8
610 786 26
682 173 8
81 308 16
115 295 14
480 434 23
657 815 9
45 68 14
546 846 8
705 88 21
832 302 14
464 709 16
349 301 14
225 686 7
430 202 23
326 708 24
736 11 5
761 382 3
602 576 16
611 848 17
807 271 15
600 73 23
743 357 28
264 117 15
663 276 33
735 610 19
759 757 6
775 285 -4
568 33 19
885 466 31
789 121 15
319 227 27
834 675 21
751 647 16
356 347 24
784 551 23
805 541 11
750 576 10
890 833 18
506 874 4
345 82 1
320 534 21
694 762 12
202 871 21
296 617 23
459 711 -4
486 670 22
624 544 15
413 234 27
357 427 16
357 870 27
575 314 31
312 64 30
751 599 29
889 649 34
686 860 20
518 609 21
338 140 23
333 477 24
391 885 22
3 168 36
670 236 13
542 502 13
518 306 6
209 421 17
511 671 14
108 706 19
661 257 -1
292 383 11
229 135 15
516 148 23
367 202 19
277 346 21
325 321 17
270 25 12
478 898 21
278 725 29
601 634 4
717 154 25
765 26 20
543 369 3
371 127 22
695 659 21
804 301 17
178 193 10
466 393 22
439 607 14
829 665 18
373 339 15
455 78 19
234 370 10
271 859 20
731 861 20
402 637 29
113 463 29
595 837 27
335 841 35
224 754 18
511 202 28
451 821 36
24 563 8
166 727 17
669 511 14
178 765 16
701 529 9
136 240 12
384 510 13
55 300 18
672 187 11
848 68 17
198 837 56
196 760 23
611 10 16
388 52 21
890 490 20
174 330 15
288 39 13
624 563 24
420 236 6
645 799 19
694 197 13
173 759 10
730 500 8
725 11 24
336 122 29
564 182 22
390 643 20
28 787 28
420 5 12
556 468 32
866 344 21
410 518 2
621 101 13
729 160 25
426 601 22
134 461 22
413 23 32
285 393 12
486 568 24
311 341 28
628 519 25
799 166 0
583 407 23
214 850 18
212 193 25
820 494 20
589 597 18
179 749 23
550 472 17
567 694 21
800 12 22
736 18 12
91 352 22
587 877 14
484 643 17
4 465 14
220 182 20
162 67 18
114 446 16
748 792 33
201 168 25
886 517 7
419 107 18
538 247 23
678 540 30
69 719 17
134 277 19
601 379 22
215 478 12
850 563 21
717 731 20
564 273 5
564 655 24
408 357 12
660 258 2
808 575 14
110 265 27
16 258 17
673 864 18
496 550 32
842 511 13
159 619 9
129 361 -3
101 526 17
280 871 8
364 755 22
5 88 13
122 749 14
886 372 18
787 20 21
557 811 16
717 697 0
884 96 19
269 625 16
408 837 33
121 63 21
799 793 21
880 436 16
505 485 19
262 175 20
565 56 30
693 64 12
398 268 20
170 373 18
413 446 21
887 242 16
322 389 14
694 863 10
770 781 15
649 149 24
659 526 21
393 532 7
295 79 18
101 27 3
569 625 12
245 397 26
824 614 19
636 736 24
453 30 19
512 660 30
280 253 5
378 200 28
29 836 24
324 230 34
320 786 21
696 440 18
791 213 19
113 27 26
3 278 15
770 134 25
678 759 4
125 250 21
531 46 16
123 776 27
853 781 20
290 60 17
225 93 23
517 118 19
100 522 15
304 801 20
275 435 8
97 776 18
211 859 23
705 98 28
763 84 20
173 310 10
767 728 5
306 537 20
448 73 27
99 724 25
75 361 15
269 326 8
792 232 3
273 455 22
260 324 27
23 733 19
0 899 24
21 371 20
766 260 19
211 610 30
356 242 22
161 185 16
22 124 32
844 619 33
427 142 28
349 800 29
461 691 35
631 586 23
244 374 7
128 203 19
218 856 26
167 289 0
266 501 22
218 493 18
78 642 10
379 755 28
378 552 26
864 612 19
368 531 7
348 545 17
652 347 24
480 490 18
739 370 24
305 312 26
821 0 21
783 734 15
409 25 6
681 528 26
753 102 4
225 231 36
68 176 20
6 122 19
830 38 20
791 668 23
126 223 11
344 842 36
110 569 16
795 122 25
0 259 28
692 655 20
482 315 25
189 197 21
618 370 2
34 790 -4
669 715 19
803 677 16
113 241 19
202 661 18
121 276 19
755 191 16
343 214 23
815 651 33
840 125 -1
280 751 10
847 380 23
709 195 23
62 326 3
409 783 20
898 642 15
714 738 17
7 113 18
333 294 10
733 314 25
15 120 14
535 259 35
725 421 13
314 325 18
534 181 16
328 363 12
278 571 36
99 34 12
531 567 21
465 324 15
557 385 11
646 873 11
211 410 10
768 877 25
348 377 15
585 633 28
241 779 35
547 389 19
294 215 13
195 564 18
647 246 18
694 301 21
322 849 14
319 176 14
39 50 11
170 483 20
610 45 15
794 639 20
709 865 30
388 486 10
268 265 25
891 97 9
675 196 16
391 865 20
784 689 12
346 353 15
238 737 17
529 383 32
187 723 20
639 683 21
592 459 24
818 80 -2
530 394 19
6 125 28
672 329 10
668 459 19
558 174 8
250 252 25
120 280 10
73 851 22
720 319 25
266 864 27
293 533 14
606 521 28
793 875 27
151 434 11
212 762 22
488 221 21
833 372 14
45 157 21
231 777 12
832 437 22
75 879 31
883 729 34
245 405 43
474 288 26
324 863 27
402 278 27
389 419 20
175 474 23
668 129 9
200 241 25
128 316 9
719 762 13
226 337 22
577 823 18
781 543 30
826 632 20
388 91 12
683 834 13
676 396 22
228 310 18
263 681 8
881 453 21
506 130 11
677 173 35
458 500 22
896 157 13
105 597 19
143 87 18
435 400 20
246 369 35
303 71 14
618 401 23
116 571 25
91 821 23
824 172 16
536 271 20
285 252 21
699 18 3
60 299 13
876 402 19
411 113 10
162 704 16
316 106 16
187 123 25
814 841 19
370 440 30
188 406 12
661 294 31
315 855 5
782 90 26
898 754 28
780 495 13
293 496 11
761 742 41
493 195 24
378 407 8
244 634 15
625 84 14
578 731 26
23 482 15
694 666 13
464 690 17
372 853 44
694 173 32
311 478 23
7 18 8
380 599 19
410 398 16
36 200 21
820 591 18
618 350 16
369 23 21
100 574 10
398 863 16
633 513 18
83 783 26
49 457 29
309 534 25
67 156 29
264 877 26
18 283 8
51 564 17
250 336 5
258 546 34
683 481 18
642 748 29
69 306 24
552 743 18
299 782 28
444 455 11
789 330 7
527 101 15
583 796 19
444 42 21
325 508 19
140 298 6
666 694 32
144 326 25
551 134 15
547 473 16
99 82 8
894 619 28
284 692 24
823 432 23
528 461 16
299 517 15
712 667 29
817 29 27
378 538 12
356 167 25
766 467 18
253 130 18
446 862 24
86 521 -1
253 240 39
854 175 19
162 642 13
178 839 30
580 855 26
791 60 26
148 870 23
724 595 12
292 399 20
140 735 28
837 559 22
264 206 14
454 202 15
636 422 22
645 460 9
673 578 24
519 579 29
566 127 5
125 185 16
214 396 29
846 129 11
641 131 14
173 810 29
750 749 24
698 830 19
493 157 17
473 6 29
549 156 26
79 91 18
382 536 19
813 544 22
686 583 10
296 282 21
614 284 24
452 613 16
828 382 42
299 686 15
855 320 13
128 139 16
230 327 29
169 307 15
470 319 19
245 491 24
380 48 22
259 847 10
39 66 13
753 510 22
367 467 22
487 770 32
749 850 18
749 873 26
750 590 19
413 455 17
612 153 0
488 697 16
4 484 33
678 751 28
227 680 10
696 734 23
179 538 26
89 54 32
56 420 -2
126 590 24
735 671 18
360 135 7
599 660 11
242 42 14
169 132 36
614 483 24
564 525 25
507 814 12
843 607 23
673 475 20
242 893 9
486 825 24
808 488 14
180 192 27
285 46 14
69 507 19
595 275 19
748 778 16
388 317 21
617 709 25
262 411 19
133 176 22
524 384 42
727 770 19
236 328 23
514 274 32
362 344 20
432 813 8
761 455 29
271 25 18
513 374 23
486 843 23
392 681 10
344 572 11
574 410 20
566 358 11
503 63 23
180 582 22
664 127 15
144 174 16
565 806 33
484 239 12
490 337 14
899 736 3
872 548 26
541 637 23
514 680 4
758 354 11
390 653 28
300 689 13
38 363 17
159 658 23
719 485 25
684 775 16
83 858 18
16 698 9
154 793 18
464 438 13
195 394 19
700 302 19
134 690 15
146 603 21
317 27 37
650 577 19
20 824 34
263 199 23
399 329 11
894 227 15
142 409 29
242 554 9
484 340 24
385 170 12
734 876 24
147 51 17
97 289 18
140 606 32
413 464 26
297 246 17
582 282 4
401 387 16
713 99 30
679 710 36
687 450 10
151 795 9
586 498 17
246 554 9
880 559 20
867 816 9
248 395 14
491 18 8
629 204 22
776 484 16
554 392 19
500 668 24
179 195 19
208 631 23
638 664 25
827 801 18
602 359 19
323 6 28
185 873 21
715 9 22
173 547 27
352 132 22
150 242 26
32 10 19
283 879 17
680 556 19
398 218 7
289 499 11
287 540 16
242 470 16
374 504 6
739 203 13
144 215 13
77 686 22
546 515 23
185 549 19
746 689 18
855 97 23
194 768 15
50 370 26
418 243 15
693 738 13
345 158 18
742 697 12
724 47 19
148 642 16
43 380 16
644 573 28
595 679 29
208 352 13
240 853 15
746 525 32
470 405 22
892 794 33
269 137 18
123 800 14
334 303 33
214 844 17
242 840 17
116 167 15
826 13 25
322 77 24
792 171 20
645 568 18
525 795 14
376 820 8
20 501 11
74 216 37
412 447 28
24 597 14
420 297 10
256 743 25
112 25 29
281 680 25
507 169 11
262 587 14
728 827 23
259 876 26
1 355 32
2 687 22
276 264 15
434 755 14
438 486 4
757 368 16
826 724 24
424 730 14
333 887 12
440 250 26
504 682 11
428 574 6
838 59 34
453 700 14
820 86 17
849 883 15
359 898 11
485 200 27
726 133 7
644 458 13
202 533 0
811 357 22
456 453 12
662 360 31
276 694 10
592 349 16
728 34 12
27 213 6
733 385 15
872 570 28
697 805 10
311 437 32
525 71 11
37 433 20
138 570 18
697 685 12
259 294 8
126 674 20
385 395 15
889 369 15
783 160 23
115 389 18
194 775 12
490 734 18
796 401 21
553 265 27
440 65 12
86 682 22
63 246 5
330 680 22
758 26 19
316 247 31
628 390 12
82 9 3
120 209 25
270 891 22
447 779 3
474 615 27
284 402 30
842 118 26
328 784 25
645 670 19
360 12 10
888 352 8
112 340 23
280 513 12
286 627 28
864 90 12
304 809 25
39 301 14
836 651 26
812 425 17
529 584 17
250 204 18
398 496 12
538 258 21
284 458 14
260 742 14
229 465 30
201 233 18
101 548 19
896 542 17
432 349 9
742 897 26
568 855 27
220 208 28
867 127 21
10 290 12
684 352 24
8 19 20
640 812 25
653 378 28
215 541 27
230 89 27
47 675 21
270 295 9
552 601 20
38 1 9
841 529 22
615 626 17
556 852 21
776 683 13
776 740 4
594 854 29
679 305 11
201 857 17
779 196 25
721 861 9
553 122 20
374 764 19
267 527 11
129 527 13
265 743 18
640 101 27
602 55 17
529 800 17
467 583 24
739 742 18
898 215 21
519 629 20
215 197 24
656 608 19
883 313 32
862 195 26
187 837 31
788 391 17
341 385 34
648 748 14
301 449 10
137 293 1
7 126 24
5 318 13
526 209 17
655 144 18
557 90 17
315 862 23
862 66 22
598 670 10
265 9 17
341 18 17
492 404 15
778 291 32
193 203 27
28 453 14
592 360 33
126 220 9
240 545 13
544 216 20
799 726 15
299 789 23
680 300 37
114 224 17
713 90 11
827 635 11
750 662 21
886 251 23
341 728 20
708 801 17
864 858 19
50 779 17
146 193 15
547 797 18
4 830 17
863 374 24
504 190 18
819 567 12
199 511 19
42 891 27
760 11 4
222 796 18
350 425 3
205 698 14
86 121 32
797 793 32
542 745 23
557 890 36
446 859 22
642 221 9
500 137 15
734 811 34
636 344 20
895 711 31
701 55 13
293 61 10
27 89 9
595 755 17
378 846 8
788 258 8
120 94 15
101 840 20
873 328 22
821 337 17
238 441 14
536 593 11
458 575 25
683 880 32
36 224 27
340 673 16
409 290 32
202 428 15
849 346 18
21 465 24
774 542 21
371 401 27
230 689 13
513 545 20
531 166 34
81 643 17
202 408 26
887 488 33
314 565 17
130 840 36
308 729 19
442 164 30
446 311 10
877 723 27
238 588 3
687 756 15
38 693 27
528 797 16
331 893 16
190 875 28
471 240 30
885 195 24
370 2 16
628 263 15
727 473 19
393 475 18
815 623 14
559 173 23
705 279 28
295 643 19
359 249 11
168 811 21
514 614 20
436 824 15
109 270 29
526 485 12
829 647 3
691 807 24
577 160 13
520 311 10
348 194 10
878 354 18
370 861 26
625 524 9
444 380 19
503 55 30
245 37 29
602 398 20
383 820 23
216 161 12
851 786 18
565 354 22
204 63 17
835 265 17
219 682 12
271 552 29
247 416 28
687 889 -6
878 256 23
391 150 10
115 898 9
15 88 49
367 415 31
870 788 19
637 333 20
437 442 19
363 876 31
611 513 28
640 405 23
512 814 26
236 176 18
192 396 9
292 144 24
494 596 14
1 312 11
796 90 23
748 234 26
322 361 19
873 687 20
840 52 22
810 115 32
710 600 3
383 168 9
377 99 23
822 779 20
492 431 22
15 741 18
874 439 27
516 68 5
143 580 13
90 221 22
661 658 18
794 288 17
874 274 22
826 234 25
636 159 25
90 584 17
284 708 22
777 260 23
544 30 12
625 321 24
545 777 4
379 428 22
494 344 34
213 436 19
538 213 31
377 857 13
528 297 12
751 259 13
748 310 21
875 878 28
331 482 28
800 166 18
104 605 19
305 641 8
796 760 17
663 370 13
257 22 12
337 281 9
577 710 29
751 863 24
57 492 30
259 46 25
1 562 29
621 820 14
495 394 -2
43 31 18
832 565 16
292 896 5
282 634 28
146 102 11
683 845 18
346 234 21
201 327 22
206 196 17
242 693 38
674 734 35
645 340 22
283 318 16
96 61 14
190 176 30
160 51 33
78 377 23
305 30 12
178 862 18
810 449 24
748 452 26
27 728 21
65 374 16
593 282 22
333 741 20
244 41 16
553 124 31
812 112 20
373 350 16
213 869 26
368 222 23
555 398 10
52 412 31
659 133 5
7 55 24
295 732 16
693 423 16
498 400 35
136 341 14
206 880 14
105 262 24
435 650 16
770 776 14
423 651 20
159 570 25
270 862 20
899 188 26
37 488 12
238 680 3
156 514 23
774 350 37
734 809 17
104 108 26
664 522 1
728 231 16
533 129 13
313 382 23
443 103 14
102 527 28
414 505 26
245 882 23
37 52 27
496 441 14
360 335 26
515 496 37
871 483 17
518 15 6
809 529 14
133 433 25
99 315 14
70 288 12
829 685 20
30 499 22
216 438 27
821 463 19
788 453 28
681 102 13
873 29 11
845 390 22
782 11 26
318 167 16
451 459 17
540 594 23
783 831 28
64 147 21
576 387 20
381 101 26
650 649 15
661 411 10
99 795 13
245 475 35
266 507 8
391 559 20
459 570 37
844 642 30
14 820 24
73 819 13
141 745 36
395 522 26
572 662 28
1 348 28
880 812 32
230 303 24
286 324 20
189 307 26
375 501 11
871 726 12
248 652 26
277 128 11
592 663 17
376 87 29
775 473 14
158 652 16
871 603 8
388 324 19
707 459 9
267 813 28
743 351 20
86 746 32
466 846 2
580 451 37
88 380 8
695 562 32
482 98 24
125 652 18
801 57 27
243 282 25
124 467 14
360 145 16
685 356 24
786 815 22
127 800 16
240 714 23
489 810 6
590 408 35
850 190 17
470 692 19
669 60 21
847 487 4
638 806 14
513 108 6
180 830 22
142 776 19
641 33 6
600 666 16
41 229 21
749 660 19
541 495 21
837 127 21
468 776 12
207 116 20
498 398 19
666 686 22
260 661 34
639 110 26
702 869 22
104 589 21
60 826 16
431 790 17
62 621 31
158 320 18
672 145 18
330 517 12
200 706 29
251 222 14
834 883 15
780 391 22
16 727 25
594 839 17
481 423 28
638 536 12
498 13 25
442 29 21
649 505 14
403 711 9
669 432 21
839 662 10
149 596 14
669 798 19
587 369 28
96 98 25
588 736 20
806 589 24
590 726 19
418 409 11
22 550 8
256 840 9
293 748 16
533 145 4
878 466 14
559 735 13
309 382 19
449 29 21
69 672 37
204 574 26
68 593 14
240 465 23
439 564 8
154 691 0
663 226 12
110 153 15
39 250 22
502 185 27
587 706 17
110 237 32
594 360 26
300 464 22
645 749 13
527 336 28
662 408 21
713 868 20
722 0 17
330 855 21
524 273 11
592 27 30
246 816 5
381 876 28
249 483 14
802 23 9
554 57 20
94 418 6
500 751 33
274 766 16
180 456 16
679 686 13
671 138 20
685 86 14
229 37 15
374 714 19
390 77 19
233 650 21
784 38 22
644 407 23
119 558 23
114 219 11
652 527 18
478 683 26
145 828 22
255 253 20
444 492 22
757 295 13
304 422 23
630 560 15
726 714 11
857 523 15
878 281 11
408 337 16
545 529 6
846 686 16
318 144 4
426 840 10
58 729 30
305 74 24
37 688 1
207 697 28
550 288 11
485 112 11
573 103 18
663 432 18
695 142 7
720 107 23
296 155 17
869 281 19
641 575 24
770 769 27
716 206 20
509 437 9
221 63 7
350 824 27
530 639 17
831 292 21
204 214 17
819 263 15
250 628 35
149 440 13
501 488 28
793 736 16
579 309 20
102 128 24
185 888 18
730 709 19
680 508 9
98 95 13
803 50 7
837 461 24
794 776 16
76 691 10
99 888 17
564 416 6
129 277 23
346 679 13
360 844 24
865 101 15
347 619 14
336 417 14
841 484 26
114 656 16
774 493 26
51 649 19
634 24 24
37 467 15
268 322 14
798 277 20
518 355 28
776 508 23
175 158 22
318 326 24
41 292 8
389 531 20
518 808 -3
264 71 18
679 701 29
323 813 22
382 14 22
377 11 24
454 9 31
461 28 28
150 855 19
751 654 31
658 792 16
576 765 34
611 460 23
487 222 15
278 423 27
480 696 28
188 785 21
265 310 21
394 227 18
653 306 24
46 681 31
441 283 21
667 113 19
809 416 8
458 118 25
814 367 19
112 675 8
766 34 26
771 312 16
538 802 13
564 527 8
241 254 21
81 883 23
245 80 20
819 579 24
656 203 26
167 857 23
883 380 31
870 641 38
370 391 8
95 250 30
132 58 32
452 182 28
896 154 19
69 650 25
806 224 18
222 283 11
491 288 26
214 292 27
36 155 13
612 157 18
654 289 14
895 763 13
260 503 28
327 224 11
233 730 21
677 807 30
641 162 19
620 896 30
184 226 21
594 446 22
442 653 20
802 434 41
235 232 27
595 382 29
75 482 18
272 387 23
849 661 22
141 231 27
542 704 34
766 889 23
609 263 26
453 464 13
230 344 25
82 584 17
30 333 39
172 35 7
783 182 -2
566 377 30
713 155 33
425 467 24
634 684 22
153 15 37
548 246 19
129 448 9
251 754 24
614 444 16
341 223 39
569 825 27
213 290 16
803 281 39
862 401 22
277 845 17
535 877 28
813 374 32
464 33 15
250 245 16
440 231 22
36 375 21
72 386 26
866 581 29
603 218 23
721 829 20
462 657 11
493 863 4
843 105 21
532 724 15
524 802 12
158 407 16
150 804 16
387 218 27
211 176 18
121 553 13
471 289 9
864 520 9
252 460 19
694 73 10
744 834 26
785 6 4
889 741 35
776 364 15
139 33 28
512 122 23
896 773 34
274 418 17
511 220 22
8 62 22
767 329 12
5 448 14
494 545 28
523 233 30
9 761 9
697 897 29
580 869 19
347 434 -2
240 747 17
37 88 13
666 498 28
452 441 21
803 864 9
342 562 16
708 693 15
36 826 25
482 133 26
190 555 23
582 454 29
540 291 27
258 139 9
193 277 32
793 571 18
256 351 24
434 600 14
137 585 7
782 325 20
661 725 16
61 463 8
731 564 11
69 480 10
407 114 20
515 434 8
653 869 16
495 435 14
703 113 17
898 637 26
895 320 18
372 646 17
162 849 12
108 241 18
382 611 2
568 357 19
392 137 25
38 104 9
690 802 13
169 116 10
397 57 27
690 446 22
777 168 24
890 124 19
220 614 22
614 137 15
447 285 23
566 14 17
574 138 23
280 172 10
196 596 9
398 734 9
534 741 17
813 759 6
888 631 5
107 316 16
73 762 10
564 671 10
177 528 14
180 777 21
270 33 7
167 61 36
176 62 21
102 333 13
281 743 27
7 106 13
372 260 20
57 244 4
639 306 36
382 336 19
118 149 21
748 532 36
720 736 18
114 243 6
199 167 21
332 18 25
647 828 20
97 314 23
828 203 29
731 689 11
668 71 9
255 659 10
613 680 22
141 746 35
636 718 10
301 871 21
145 77 15
359 715 18
555 351 13
798 580 14
834 569 13
683 824 22
65 687 21
804 97 13
832 352 27
91 315 11
92 520 17
510 357 18
532 375 8
493 562 22
540 730 22
286 523 10
287 55 35
852 169 16
288 119 18
822 64 29
869 459 16
95 752 23
737 538 24
675 245 11
837 476 18
650 501 16
720 345 32
217 36 7
628 110 21
406 271 7
553 127 15
884 769 18
794 750 22
798 160 10
609 874 13
59 444 25
893 137 22
392 63 12
691 457 18
879 39 24
234 294 13
775 413 10
84 472 21
279 300 30
505 523 24
47 247 20
749 633 23
172 680 10
701 704 28
471 558 28
207 824 18
871 322 8
621 896 29
895 329 8
550 385 25
572 217 15
831 600 30
332 603 22
786 489 18
313 811 34
364 126 7
192 590 11
625 246 31
575 342 28
772 44 17
253 349 21
428 711 41
526 385 23
165 228 18
134 327 5
703 482 31
739 239 21
51 514 23
751 214 17
583 408 21
279 575 11
837 129 22
62 453 16
862 541 14
466 14 4
888 486 18
318 292 33
598 189 37
700 661 26
578 369 17
695 763 22
887 355 15
847 281 16
685 562 9
778 61 27
259 802 14
862 759 33
589 314 36
204 583 21
643 426 22
836 344 21
331 614 32
124 760 12
414 330 22
341 400 26
731 372 27
107 346 24
604 706 13
867 234 28
837 691 17
357 378 41
547 497 32
649 774 11
52 898 23
402 324 15
601 572 12
526 752 22
231 800 29
60 768 22
437 387 21
897 379 18
762 138 22
367 543 24
121 157 12
878 857 2
843 801 1
648 674 22
327 421 0
177 609 23
650 623 19
595 198 24
299 446 30
687 11 16
433 318 17
155 414 13
270 248 28
440 286 31
25 10 38
313 370 18
59 467 12
517 65 21
289 514 19
187 446 23
513 180 16
861 652 15
298 723 21
228 166 23
486 731 13
804 452 21
750 258 24
892 691 14
298 146 17
378 484 22
828 322 17
616 737 13
773 444 12
887 666 24
549 194 20
47 233 19
410 278 13
743 167 28
161 594 4
846 43 13
441 845 18
688 337 16
165 823 31
225 639 23
549 594 15
177 115 15
881 242 14
891 447 15
241 315 26
784 686 17
419 690 12
341 149 20
336 167 6
754 37 20
697 775 13
100 862 33
45 431 21
480 465 11
704 744 32
292 526 9
95 519 34
714 274 19
168 774 17
427 178 21
40 66 28
134 675 22
117 594 15
525 681 26
786 153 36
27 33 21
872 727 17
179 706 2
151 787 18
741 594 26
363 489 13
422 590 5
128 169 26
172 292 21
379 268 14
587 232 31
473 146 16
627 741 24
663 839 23
660 556 12
130 542 10
317 617 17
789 299 20
670 591 18
551 18 14
487 200 30
333 356 24
177 578 26
794 353 13
788 706 20
266 525 14
517 142 33
765 704 14
232 377 20
414 284 13
547 796 12
892 852 22
804 879 26
121 691 41
4 533 17
121 198 24
20 316 23
658 427 30
891 795 16
58 99 27
335 224 15
742 145 27
638 19 26
304 461 16
574 829 23
305 219 19
545 185 27
779 865 21
441 231 30
47 84 25
87 741 21
15 363 15
46 17 13
605 224 20
498 23 15
700 783 24
1 40 15
664 753 19
712 769 22
98 674 2
13 216 20
458 131 17
817 230 17
579 244 21
629 704 11
777 278 33
1 55 28
89 76 12
187 467 18
814 56 26
573 404 14
541 571 10
315 312 25
370 368 16
19 354 15
522 859 3
573 587 5
309 513 19
338 574 11
434 304 15
147 593 26
866 717 6
344 873 14
373 658 18
137 391 6
832 391 13
336 396 18
428 169 11
447 895 21
676 610 15
52 306 25
537 616 13
237 789 32
436 675 19
200 552 26
204 734 16
411 396 30
738 853 22
433 615 22
698 197 -3
256 762 29
442 406 20
607 794 11
280 406 17
425 642 11
529 117 24
686 436 21
797 641 18
669 272 28
894 191 9
563 804 21
1 187 20
93 390 29
154 479 -2
249 316 19
338 722 35
863 816 10
680 644 26
59 649 30
60 261 24
369 715 29
225 531 26
599 337 22
427 379 32
526 628 24
188 460 27
332 247 21
93 201 28
880 623 13
677 793 25
67 751 19
327 139 19
586 239 20
283 814 16
77 51 35
488 413 24
208 473 4
872 272 33
178 206 27
497 408 17
95 493 14
110 292 39
102 444 15
701 398 23
275 347 14
41 870 29
227 790 28
800 465 16
753 429 20
556 403 26
337 187 28
233 817 10
467 381 36
565 702 24
859 453 32
178 305 5
412 363 21
393 689 25
26 271 16
662 853 17
673 420 21
616 195 22
742 567 8
811 852 17
303 777 19
469 586 27
113 372 6
628 392 31
91 166 18
235 69 23
461 83 12
805 564 26
566 456 23
618 175 8
23 879 22
44 749 18
616 126 22
556 585 22
892 295 30
248 770 24
675 766 14
458 596 7
871 872 24
232 359 18
769 204 14
439 445 29
635 732 20
848 247 28
309 583 25
234 197 13
718 617 27
189 67 3
178 510 16
492 389 26
493 811 23
349 867 23
773 297 24
402 197 20
862 40 10
579 743 13
621 728 13
404 813 19
40 715 20
421 316 12
793 80 10
239 822 12
300 182 19
554 70 37
844 78 17
862 589 16
754 492 33
448 502 16
611 70 13
644 670 13
388 482 19
782 99 11
750 416 30
634 245 15
861 53 19
596 609 13
217 199 13
763 366 22
530 115 15
103 333 16
402 590 16
597 99 25
733 726 16
71 442 8
749 567 25
154 445 26
232 13 32
28 20 12
583 172 25
438 743 23
99 7 39
437 895 10
245 859 8
870 264 13
442 275 20
174 867 11
746 329 13
680 88 16
321 17 6
345 365 11
442 459 20
106 297 12
148 845 3
894 722 13
121 611 22
29 625 15
513 572 31
383 169 10
639 679 17
156 477 22
873 875 12
384 805 22
231 295 22
699 578 15
735 359 22
80 47 12
731 258 22
899 380 12
897 364 16
178 152 5
453 624 28
321 884 5
178 348 16
836 193 12
492 126 26
127 538 22
230 388 17
742 233 27
3 65 14
297 830 16
376 561 29
56 820 23
717 244 24
814 365 20
829 65 15
796 209 21
607 718 15
656 687 9
317 856 32
180 762 53
404 644 24
96 848 17
735 823 15
17 571 23
337 463 28
556 248 19
529 528 15
21 581 26
861 1 9
873 623 19
466 431 19
557 470 8
49 152 -6
830 139 22
537 430 33
278 203 33
613 522 16
692 53 25
236 538 19
416 423 23
833 557 19
662 871 22
500 220 35
104 850 19
541 794 19
830 259 18
84 206 28
230 470 29
851 625 24
370 401 27
96 512 16
455 756 28
318 523 18
773 741 22
775 22 6
167 847 18
752 173 14
884 211 8
573 134 17
347 620 25
475 652 17
695 742 27
523 554 33
867 590 24
783 286 15
877 469 7
476 128 15
405 548 15
467 652 13
214 690 17
748 242 35
899 201 17
240 896 22
330 417 34
191 216 10
647 505 23
462 163 12
539 387 19
630 840 15
382 261 16
553 844 19
690 26 14
138 785 23
671 30 24
745 124 10
293 25 19
814 744 15
800 654 14
562 501 26
80 780 24
549 64 4
767 597 30
819 47 17
518 768 21
296 7 15
481 370 44
467 1 20
196 772 15
775 506 15
261 244 27
239 79 25
529 131 28
7 286 19
652 813 19
198 430 11
551 246 23
135 750 28
523 521 12
513 243 19
781 127 29
472 709 27
790 399 13
107 337 12
745 739 4
843 836 11
307 601 8
718 210 0
174 441 24
770 99 24
899 4 14
639 697 9
889 116 18
861 118 23
296 455 10
82 844 14
443 462 24
136 493 7
546 888 15
576 829 30
702 525 17
59 744 28
85 709 21
413 542 11
574 673 15
369 320 8
466 685 4
739 360 17
426 619 17
197 295 13
619 878 22
861 361 18
234 21 10
632 47 11
628 777 14
131 337 22
506 686 17
153 500 12
895 523 25
215 761 15
729 339 26
479 535 18
714 260 12
509 406 10
696 80 20
122 575 1
364 69 22
305 680 6
375 857 21
194 406 20
667 537 11
386 125 13
632 566 21
693 659 19
313 47 23
533 580 13
391 13 20
390 337 4
105 317 18
719 601 29
787 606 30
559 313 29
867 554 22
389 694 18
270 470 20
539 258 25
723 92 23
712 750 10
269 146 18
800 172 15
36 897 18
119 41 15
323 360 33
701 649 28
850 22 12
607 742 28
784 53 13
268 310 20
880 476 25
145 886 17
698 770 7
667 94 21
201 24 -4
840 682 9
557 885 13
567 418 21
32 327 19
200 495 27
468 289 29
149 651 25
98 789 23
874 862 19
135 741 -3
698 816 17
472 233 10
37 553 23
121 368 16
86 324 23
724 401 27
711 149 20
675 137 15
775 243 20
120 111 18
273 833 41
615 31 22
887 193 30
651 376 18
753 26 5
94 243 9
272 222 16
333 51 15
346 289 6
361 319 25
138 494 17
378 212 15
868 523 20
249 278 23
827 101 3
440 644 25
131 246 17
420 572 28
135 382 26
509 898 15
694 380 12
632 297 24
635 315 10
286 208 4
360 87 18
658 235 30
831 126 1
224 846 18
296 427 15
274 725 25
158 477 23
783 761 18
9 557 27
214 84 24
883 819 10
361 305 21
497 480 18
656 376 28
93 579 9
360 256 17
155 858 31
450 803 3
829 721 17
204 527 10
81 555 10
732 24 9
831 343 23
838 443 17
565 780 12
193 169 26
871 403 24
542 330 30
260 537 27
193 237 7
439 414 21
461 633 11
538 283 27
71 584 4
116 812 11
116 895 27
745 570 6
473 748 17
239 769 26
291 80 18
755 284 11
679 100 26
800 898 20
484 19 17
485 521 27
32 323 17
459 521 19
261 725 18
95 387 15
14 281 35
344 726 19
195 352 17
284 760 25
583 43 19
150 686 23
275 813 18
741 675 17
124 886 26
874 254 29
138 71 11
602 470 12
423 271 16
656 735 16
402 333 18
803 783 21
258 387 3
210 718 11
114 677 29
159 169 27
352 62 21
881 254 13
349 626 11
161 765 17
321 734 10
806 733 21
482 20 13
580 706 17
543 8 24
614 565 20
440 465 29
477 346 15
803 121 16
854 788 8
364 426 20
500 536 2
588 56 23
691 571 16
623 173 25
190 766 24
462 415 17
452 158 27
487 242 25
162 127 22
243 552 20
547 150 25
249 679 34
595 185 2
651 203 18
270 181 28
157 346 25
858 788 16
287 473 17
857 795 19
398 553 29
91 801 27
778 364 23
644 452 9
261 665 26
182 108 26
334 513 5
378 254 27
629 553 15
635 890 26
197 833 2
708 400 12
783 660 29
188 57 23
786 878 23
680 885 20
332 643 15
700 426 38
482 738 26
827 650 3
221 469 10
739 510 17
887 370 27
119 364 36
405 742 15
261 707 18
224 200 21
507 414 36
794 303 40
735 113 18
887 789 18
635 176 13
619 18 18
248 669 21
444 225 17
521 278 7
682 129 29
607 496 20
133 230 29
276 298 20
640 421 16
772 426 11
728 166 33
274 679 11
136 116 17
186 651 37
467 147 8
476 719 18
877 15 26
765 417 35
325 209 16
166 140 28
283 119 15
411 166 8
819 360 27
532 377 13
802 738 22
56 305 13
319 797 26
561 322 4
78 660 13
505 526 10
577 377 -3
518 189 10
294 438 32
412 398 23
800 875 18
403 607 29
463 158 34
179 442 14
355 89 35
714 96 22
465 141 29
367 178 -1
292 228 35
30 197 8
2 466 19
662 83 21
634 85 21
304 649 19
67 45 10
443 669 26
180 216 15
235 81 29
266 382 18
276 290 19
609 386 20
542 25 20
97 43 25
339 884 32
716 267 9
142 281 17
406 439 -6
800 134 10
142 628 14
307 891 27
480 143 2
765 126 31
63 42 19
611 882 20
98 380 29
555 539 16
253 564 25
60 579 32
570 882 17
723 720 19
350 735 16
297 213 14
894 751 36
83 334 27
301 173 33
11 433 17
427 797 20
599 305 6
381 776 19
83 776 3
150 235 28
309 828 11
453 205 40
82 39 30
725 842 23
521 172 23
426 775 29
269 839 20
662 620 15
594 30 24
115 366 30
75 459 18
836 411 11
774 7 13
287 678 26
671 215 18
249 63 38
253 585 18
407 472 21
736 534 25
426 94 36
593 753 36
198 257 12
507 420 13
102 732 20
98 869 16
488 261 12
521 698 23
598 135 19
619 10 31
397 114 11
475 510 17
695 144 32
483 301 37
387 307 20
742 449 29
84 451 20
191 365 23
447 795 15
881 148 21
322 806 19
537 388 10
815 117 20
783 263 28
747 506 12
448 592 23
201 550 -6
594 776 12
634 792 19
441 737 22
104 283 37
157 402 27
413 847 32
247 356 24
694 688 20
711 754 23
66 885 22
100 754 28
202 793 24
488 881 13
284 676 14
113 729 28
182 339 30
267 629 19
339 514 16
480 708 28
489 843 20
261 17 21
49 712 27
216 0 12
687 152 31
381 663 16
84 487 17
400 893 26
685 297 22
458 770 23
422 394 6
485 804 15
852 885 29
87 618 17
281 312 18
48 359 16
661 799 25
147 273 12
83 696 19
66 474 30
378 504 16
893 69 17
192 421 32
443 716 21
869 873 23
7 44 29
159 495 22
196 791 19
318 35 28
741 685 32
755 704 16
224 237 4
704 288 20
69 245 27
114 342 24
252 406 22
148 16 29
129 439 28
877 543 27
394 438 4
828 180 12
300 103 13
326 871 7
421 424 18
737 724 13
372 513 21
806 366 9
869 897 17
589 131 15
293 141 9
281 200 10
80 151 18
465 442 15
151 249 15
806 550 25
593 684 12
720 356 27
756 149 15
274 74 20
225 878 16
394 118 23
74 718 23
616 314 17
365 102 37
646 565 7
633 511 28
899 157 21
459 769 23
40 592 19
897 445 16
244 598 18
303 696 36
307 398 26
858 291 20
733 329 27
611 744 15
23 272 9
410 64 21
91 103 10
859 285 22
340 505 19
744 207 24
422 639 23
389 341 33
757 889 19
531 470 13
582 216 32
395 158 17
580 200 21
670 7 23
154 356 27
39 28 29
45 885 15
828 131 15
455 797 19
337 711 11
84 695 8
548 896 36
39 17 22
217 220 4
780 521 11
395 697 24
705 233 23
171 544 6
267 510 37
285 219 33
804 843 30
800 451 13
241 280 14
307 131 21
568 628 28
835 837 16
199 603 22
601 666 22
383 624 14
318 100 10
180 571 16
734 577 22
882 531 25
826 214 13
223 597 17
366 681 14
353 232 2
610 836 17
638 534 26
166 738 12
809 840 16
387 789 23
773 541 23
874 257 15
295 113 21
827 58 15
669 642 16
419 162 14
504 841 9
562 198 33
19 53 13
828 573 26
283 543 21
540 813 21
114 489 3
52 253 15
826 477 21
685 606 2
190 461 10
151 571 29
333 604 19
693 43 22
474 314 28
91 565 11
666 875 17
363 533 15
821 873 17
61 426 27
386 362 26
443 298 32
76 133 23
89 800 19
889 825 31
598 893 24
771 23 23
598 352 9
347 844 16
626 158 17
240 871 17
891 191 27
859 532 24
36 458 17
287 406 19
190 36 11
172 661 7
669 353 19
281 576 21
636 607 5
616 139 28
776 670 18
89 173 21
176 561 14
272 205 10
840 448 28
429 37 15
73 316 39
282 575 19
492 817 28
862 826 8
885 604 22
146 43 22
655 422 10
356 413 19
145 454 24
797 481 23
407 193 13
530 428 -1
493 860 35
540 591 14
692 58 4
548 391 11
698 863 14
706 514 15
546 70 24
639 709 25
824 298 10
818 477 21
286 801 24
832 193 39
786 37 26
544 575 22
202 448 10
809 6 10
27 426 24
698 108 19
283 173 32
194 652 12
14 893 14
180 744 36
11 628 17
326 172 13
217 470 12
326 356 31
572 54 22
438 813 14
647 514 18
781 352 13
238 703 19
705 469 20
23 534 29
378 757 19
102 187 23
694 400 33
358 265 14
413 124 33
687 252 28
387 851 32
804 521 25
783 767 8
8 856 4
543 726 21
707 875 19
849 168 27
577 411 25
563 199 17
106 870 7
574 645 28
257 150 25
531 135 9
69 536 21
798 622 7
861 304 17
576 567 23
693 304 20
322 402 20
12 505 17
823 757 20
777 737 16
775 526 21
769 617 28
3 91 29
704 585 20
630 271 22
261 717 25
465 426 25
547 169 15
634 107 6
793 825 16
489 602 24
322 374 7
372 49 25
614 517 16
855 215 3
449 332 13
663 242 10
741 215 33
552 287 16
234 526 5
852 729 18
279 643 13
672 103 -5
597 502 33
673 607 15
490 552 19
400 527 8
749 816 27
221 519 21
564 509 11
46 508 20
34 102 28
102 482 9
777 849 13
413 371 13
421 683 27
644 413 21
480 470 24
871 227 37
616 345 2
619 244 11
534 27 25
502 97 17
821 724 17
537 600 0
708 835 16
143 825 12
758 499 11
849 775 28
851 209 29
746 754 10
569 79 21
199 265 16
315 416 12
530 357 28
617 501 15
437 559 30
174 854 6
294 687 21
122 805 19
60 896 25
704 562 -1
246 503 21
56 158 14
499 401 25
232 339 15
247 723 21
653 506 27
812 306 26
49 805 20
6 206 15
77 868 20
446 175 22
329 377 22
642 863 26
821 739 9
408 729 24
780 346 14
644 55 28
856 541 6
788 561 23
544 170 15
595 573 21
14 499 15
564 404 15
402 875 25
234 345 39
364 485 18
190 64 23
741 101 14
863 457 24
494 685 9
97 390 21
393 101 15
659 569 19
616 377 31
150 615 14
668 334 18
395 276 -7
393 461 23
288 533 7
783 348 29
279 420 11
888 192 15
646 70 23
655 209 15
338 21 17
821 100 26
643 689 10
454 441 17
596 236 28
832 735 23
90 657 21
225 340 22
510 498 28
706 4 8
183 257 7
136 278 13
860 747 19
89 383 11
346 236 21
81 757 17
827 0 18
679 439 23
374 413 20
435 330 21
6 247 26
107 870 13
689 134 24
147 732 15
99 287 3
588 70 11
264 35 11
101 416 26
201 813 10
293 648 6
698 633 30
819 633 14
501 340 30
847 215 11
302 247 24
307 457 27
800 759 19
822 390 21
598 379 21
757 37 13
22 474 17
357 750 18
600 92 17
153 99 31
608 899 23
734 615 13
435 292 23
737 632 9
34 387 30
96 155 6
600 309 24
107 843 14
181 769 17
307 21 35
400 49 16
363 51 13
451 252 21
464 412 16
351 22 25
518 62 15
395 567 30
547 695 0
673 616 3
588 474 43
136 171 31
245 511 15
835 863 8
151 687 7
562 463 18
251 659 29
97 411 20
246 88 27
652 818 24
473 20 24
119 520 12
61 457 33
735 389 19
662 809 9
511 467 25
19 547 31
75 167 31
782 296 25
323 303 22
26 323 26
115 381 32
557 893 19
280 889 11
450 402 30
815 529 10
200 597 22
732 84 34
336 42 27
524 52 17
252 686 26
863 328 20
477 49 33
186 251 34
833 427 22
51 287 29
56 554 27
214 46 23
121 473 13
886 893 16
95 126 26
746 343 23
656 177 23
885 504 10
433 187 26
209 692 18
716 756 27
496 482 25
417 363 17
585 195 22
443 499 13
135 193 22
608 115 18
647 472 14
677 388 38
470 669 24
207 314 14
462 20 17
117 822 13
514 71 24
315 268 34
145 284 17
773 85 36
408 393 33
663 291 24
278 666 27
8 834 7
81 220 19
51 522 17
697 579 8
502 779 38
525 584 19
470 647 23
156 630 24
700 351 13
374 340 19
804 285 9
579 425 25
234 79 22
28 813 28
884 75 12
786 599 14
30 220 24
689 253 16
168 94 10
777 149 12
596 783 21
574 260 25
665 774 26
682 633 20
773 536 22
43 542 24
40 119 20
278 462 34
164 241 27
486 161 15
675 276 21
793 178 17
827 6 26
584 345 15
293 789 26
545 693 3
471 617 11
628 749 24
415 44 7
551 123 12
743 727 11
804 615 13
109 412 29
813 575 19
513 109 18
817 344 20
231 582 41
60 97 20
249 16 25
753 502 30
186 707 9
787 339 13
442 755 25
129 146 22
340 305 33
27 321 21
150 854 21
790 678 20
242 280 8
432 493 17
119 613 9
890 898 27
460 773 25
80 108 4
636 831 31
129 865 15
327 32 10
425 786 18
375 246 34
259 249 8
465 42 15
346 852 18
594 26 20
658 672 18
756 730 4
484 744 22
175 549 16
450 310 29
264 137 15
805 400 36
259 472 5
165 636 22
373 785 20
849 337 22
659 322 14
507 471 12
334 558 13
691 34 24
386 15 23
693 897 24
619 428 34
445 294 6
63 186 16
174 120 16
793 614 23
870 434 23
12 848 33
497 103 25
557 601 26
335 85 14
805 635 12
701 863 7
453 771 31
759 223 19
874 245 22
192 711 20
431 364 23
273 17 14
554 598 20
565 270 25
522 702 31
659 520 14
532 252 32
85 119 7
182 318 20
880 616 20
187 295 24
249 88 19
235 170 4
629 309 18
635 766 24
796 545 28
496 1 10
347 652 32
651 243 20
445 118 12
839 50 27
503 700 29
739 685 11
371 856 20
361 794 25
79 472 14
628 244 22
684 799 26
695 346 20
879 571 24
241 809 8
557 293 20
702 266 17
293 876 12
424 673 25
388 711 23
712 83 23
73 313 26
330 702 16
21 37 29
735 122 32
365 66 20
454 51 21
136 858 26
389 17 26
667 424 11
550 543 26
341 818 21
713 336 42
145 213 29
285 179 23
370 808 15
196 758 21
377 404 23
579 542 11
783 34 28
660 503 21
749 540 3
168 814 27
430 414 26
12 562 24
299 814 21
603 277 14
632 727 20
686 746 18
629 779 10
345 54 22
771 485 13
425 626 15
728 777 7
839 38 14
549 272 31
304 814 32
721 566 32
120 864 10
538 567 4
295 359 35
5 662 17
828 854 28
734 129 9
825 263 12
690 233 13
343 649 29
642 200 23
218 276 12
281 611 20
692 624 21
188 336 24
335 746 20
225 660 5
808 865 15
496 710 15
711 188 15
500 107 33
346 645 17
394 653 11
863 770 19
91 344 20
778 867 23
609 759 23
58 379 31
730 689 19
843 605 19
108 333 19
494 25 12
168 210 17
61 720 25
540 246 31
200 165 11
855 192 21
467 797 7
5 95 23
614 841 29
348 518 28
384 832 20
347 472 20
99 161 7
470 715 29
401 669 12
726 703 29
533 455 28
223 670 9
353 521 12
120 363 14
400 677 34
197 186 0
593 832 9
663 533 19
396 566 14
793 458 13
618 815 12
390 422 20
539 36 40
255 243 12
435 760 26
899 668 12
827 493 26
222 774 17
239 308 34
178 725 23
806 252 25
208 31 18
404 103 33
333 274 26
69 589 21
557 634 21
387 829 8
722 132 12
26 130 1
236 744 29
726 187 8
75 117 11
196 637 21
804 718 29
882 760 12
525 190 31
487 183 5
574 229 16
392 856 24
745 571 31
473 618 19
764 606 13
158 247 11
266 336 25
521 230 28
121 30 17
234 420 12
505 441 16
374 482 21
526 295 28
717 788 21
799 713 22
151 23 24
72 714 26
371 214 34
676 431 15
860 228 25
404 653 28
530 90 7
548 683 37
662 183 18
649 502 11
724 131 22
831 569 15
139 284 19
890 707 14
419 540 15
22 592 14
343 663 21
481 628 24
847 191 9
95 413 21
806 148 17
131 587 20
367 588 42
703 75 28
706 47 20
74 812 16
46 16 17
610 888 15
115 654 28
544 559 17
83 879 15
872 594 28
666 172 26
123 42 23
360 750 12
7 134 20
170 14 19
427 163 24
142 54 25
788 111 13
388 816 25
773 840 15
275 682 29
893 695 27
480 274 22
132 202 16
243 876 24
558 23 7
605 37 7
722 64 12
557 19 24
668 520 4
168 557 16
728 636 17
567 572 20
114 515 25
297 231 9
723 58 21
271 57 19
873 484 10
221 173 11
671 184 11
497 709 20
738 553 13
105 121 17
699 709 22
491 243 24
217 430 8
835 324 22
337 448 28
427 628 17
684 557 24
246 122 15
11 851 16
298 362 23
56 659 26
208 79 20
546 513 17
630 688 22
643 122 17
758 234 14
770 54 30
716 520 37
474 867 6
850 235 35
34 216 17
147 128 25
212 666 7
85 459 23
140 638 -2
551 395 10
93 221 15
375 239 16
389 754 26
68 641 27
530 323 5
123 641 16
597 567 13
586 854 27
80 216 24
632 386 16
509 63 19
317 192 4
544 846 27
742 133 19
566 791 13
610 219 22
512 276 27
467 807 13
621 69 20
499 550 16
720 683 37
260 13 38
111 295 14
268 140 19
27 508 12
207 786 28
896 745 21
752 66 13
759 577 10
218 299 21
170 529 23
17 460 21
704 233 20
308 796 25
59 350 20
1 314 10
776 305 14
886 6 9
847 50 18
104 182 25
529 90 12
675 269 26
119 541 18
823 643 14
509 799 30
190 862 35
506 222 3
649 778 24
696 632 36
373 246 5
715 358 32
892 598 22
23 722 -1
888 73 30
807 323 19
600 681 19
234 80 24
135 369 17
492 790 22
28 202 32
742 208 42
114 845 13
357 872 26
802 204 24
778 846 21
350 502 23
221 706 13
5 135 15
252 842 15
191 633 22
366 185 21
679 202 8
762 476 30
53 500 12
575 696 22
756 804 5
76 486 11
274 842 0
143 653 19
676 300 20
423 376 7
644 406 19
699 429 32
611 159 16
317 351 12
880 89 16
292 433 10
845 119 18
476 560 31
546 537 27
686 32 28
861 166 8
155 216 19
441 426 16
386 720 21
395 92 14
476 760 25
806 797 21
64 118 15
9 72 28
423 368 32
794 124 20
308 272 24
566 374 29
8 778 18
575 23 31
212 493 24
101 703 19
733 184 17
673 113 16
453 790 30
19 597 29
428 407 13
602 200 12
442 245 27
521 142 23
560 45 34
585 618 24
75 660 19
224 616 23
306 762 16
520 695 24
539 126 10
153 127 28
201 693 8
64 165 19
853 334 18
626 558 22
120 88 21
234 44 8
517 836 16
282 592 16
553 510 14
1 77 25
863 171 15
664 680 26
537 329 24
342 864 16
28 179 2
325 351 7
488 200 24
596 525 17
742 59 26
814 331 18
144 253 18
283 497 19
896 194 14
144 823 19
649 731 20
498 579 7
235 548 14
76 664 14
704 532 26
575 415 22
431 134 27
632 755 17
767 187 34
718 298 14
328 304 22
40 103 10
837 743 15
894 569 27
383 839 32
345 438 2
206 551 28
597 255 15
574 147 16
414 517 24
376 658 14
683 23 38
505 368 19
570 426 24
258 247 20
192 799 5
361 564 23
103 182 29
696 117 31
410 372 23
96 812 15
879 589 25
535 500 23
242 827 22
367 419 37
193 661 18
255 168 23
96 17 13
397 524 19
854 447 21
287 621 20
648 367 22
572 670 26
611 66 4
258 769 30
597 421 21
446 438 25
851 260 17
480 358 30
114 853 21
690 136 17
329 129 17
606 19 21
386 34 14
815 446 15
59 18 2
363 119 26
592 510 31
543 257 7
649 96 31
433 859 12
600 881 31
491 611 15
385 820 11
624 392 21
277 153 20
295 514 20
30 849 13
774 482 28
846 392 22
564 719 23
857 338 -2
725 870 9
442 730 15
520 584 10
369 473 20
474 229 16
366 864 23
371 625 24
804 280 12
270 486 17
744 95 23
269 738 12
673 250 16
482 11 31
354 653 15
797 695 13
772 352 26
228 617 21
401 516 21
47 679 13
480 99 23
691 393 21
311 227 29
295 430 9
27 572 16
366 551 25
565 873 13
98 682 3
18 894 26
64 416 26
140 832 18
509 895 26
232 517 17
824 451 34
65 685 10
324 111 19
421 5 25
710 336 31
164 478 14
632 370 16
572 56 12
456 871 24
270 455 13
665 718 22
126 694 18
424 531 19
419 71 29
3 279 12
174 290 21
454 896 21
139 73 31
761 204 18
274 593 13
453 440 7
398 175 26
583 769 20
185 175 29
165 192 28
101 513 15
42 12 12
882 883 15
706 434 14
703 384 21
739 387 7
233 117 21
188 895 15
689 260 14
677 660 19
216 891 20
388 200 19
316 475 22
545 329 18
800 395 13
542 517 29
364 90 15
593 252 21
308 55 9
539 294 25
818 73 19
456 595 12
342 745 10
478 891 5
289 92 34
820 573 22
716 298 22
682 60 23
3 854 14
656 520 25
842 316 16
801 274 23
886 562 26
514 853 24
575 398 8
781 853 14
885 48 31
680 846 15
853 20 9
0 666 8
788 746 25
817 738 20
840 65 17
290 3 23
344 611 16
463 374 15
472 535 17
180 220 29
8 136 0
95 296 28
441 569 23
22 262 28
870 413 17
4 794 11
534 389 34
569 770 15
141 433 31
201 741 10
474 599 16
298 455 20
887 507 29
165 318 22
158 321 20
534 206 22
456 436 22
595 370 21
657 831 27
274 795 26
337 796 17
139 11 15
67 448 20
324 841 31
758 588 15
61 112 16
86 624 20
146 628 26
258 859 4
445 74 21
303 4 31
641 602 7
103 581 18
41 158 27
755 772 26
172 187 13
542 898 16
658 706 26
481 236 16
75 351 23
528 31 15
600 720 17
82 670 28
680 11 35
404 816 13
176 526 19
143 416 18
863 238 21
792 161 34
264 403 16
227 648 12
85 510 13
604 814 30
596 309 34
422 360 21
11 270 14
141 708 35
355 65 28
858 719 11
355 686 18
162 228 23
632 886 16
694 562 14
267 227 18
460 631 14
142 717 10
485 324 13
53 271 1
363 702 29
806 764 30
509 632 24
114 43 6
655 87 18
387 676 2
52 200 10
194 388 22
454 833 24
668 399 12
650 512 13
767 149 16
514 401 10
591 168 37
740 326 32
810 104 23
350 300 31
370 61 24
210 898 34
388 690 22
325 877 21
741 475 18
250 687 14
416 560 20
460 171 22
840 889 14
892 860 15
119 549 26
630 464 20
603 636 21
210 753 16
328 468 20
389 6 16
360 241 15
785 781 23
702 237 17
318 332 34
877 667 10
291 112 3
212 556 17
307 465 18
871 525 31
619 535 7
44 623 15
462 278 11
308 303 11
386 276 20
552 762 11
15 157 7
19 495 27
441 416 9
133 260 15
766 691 17
519 49 35
367 558 11
566 287 19
38 388 18
723 405 4
66 891 22
364 519 10
878 0 22
809 714 26
143 621 24
322 216 10
419 70 22
319 187 21
621 661 27
153 697 33
862 678 33
152 846 16
543 556 29
392 788 19
833 451 21
195 456 4
658 13 15
776 325 16
672 663 21
317 348 37
460 486 28
335 208 27
896 356 20
386 549 19
217 657 22
445 11 27
227 253 22
21 437 23
856 702 17
515 101 11
646 808 17
456 763 14
817 603 12
319 233 20
839 225 24
577 761 19
575 285 11
377 445 23
244 865 21
430 55 25
605 524 31
297 230 12
302 808 11
297 852 13
722 655 17
17 718 26
607 678 31
26 218 13
417 759 14
163 5 25
96 412 20
394 702 19
878 445 26
808 826 19
783 511 13
263 281 19
847 396 21
185 296 17
256 469 15
183 300 10
590 366 16
577 488 15
177 490 14
188 898 27
599 329 28
562 63 8
891 143 30
215 699 -3
368 262 38
866 314 1
483 877 15
156 39 24
112 122 22
878 840 18
550 129 17
585 410 11
418 493 16
188 416 23
28 73 8
147 875 28
815 324 22
256 325 25
328 397 13
190 860 21
363 722 6
11 396 16
42 416 14
348 712 27
499 569 14
442 834 10
406 493 23
859 354 8
101 652 19
224 542 30
846 796 25
710 163 10
654 800 24
126 549 22
645 170 20
583 773 24
167 626 13
387 717 26
419 883 19
510 689 20
672 77 22
679 648 21
176 373 19
353 525 26
546 801 27
221 473 20
559 664 16
316 836 17
47 52 12
427 128 12
713 431 15
249 332 32
104 25 31
388 31 24
656 552 18
93 331 12
503 270 21
550 882 7
565 713 22
625 160 10
457 193 26
860 458 36
623 789 19
357 14 22
494 299 3
686 587 26
317 766 25
642 141 22
223 813 21
747 382 5
560 626 15
421 317 14
375 142 26
825 531 21
67 179 20
844 739 28
16 494 19
645 570 7
735 127 20
741 196 36
8 37 25
91 551 23
76 356 11
427 663 16
430 160 14
709 426 13
310 389 15
207 529 15
2 736 12
541 40 15
282 148 10
233 362 14
205 242 7
81 299 11
757 635 17
92 533 31
587 734 17
8 298 29
761 543 18
553 58 17
43 267 29
821 82 16
708 759 24
556 478 11
230 660 22
230 892 16
84 501 21
485 365 16
658 834 32
862 625 17
189 706 17
622 187 19
77 848 23
862 253 9
823 873 1
791 351 15
763 431 30
6 42 13
192 632 26
450 208 22
197 293 16
629 342 17
800 632 9
110 191 31
708 474 17
848 97 7
824 267 26
891 337 35
810 50 29
625 809 34
410 662 23
678 719 22
133 507 13
237 728 24
864 653 25
224 456 5
745 414 21
500 841 16
305 697 8
731 349 19
342 619 37
476 649 22
877 891 21
593 768 21
690 246 19
5 750 35
391 495 23
218 529 14
145 244 24
210 828 24
167 622 25
857 557 24
750 581 41
57 285 18
198 438 18
722 209 -1
662 229 24
303 328 6
213 211 19
385 220 5
470 613 2
347 883 26
867 470 28
439 818 20
329 860 36
507 221 15
388 492 32
779 309 10
765 8 28
722 789 11
765 381 22
39 196 7
845 675 24
169 837 18
871 472 28
648 182 25
231 318 29
349 184 22
210 588 34
415 669 28
69 497 24
784 664 15
316 51 23
756 91 11
325 61 27
394 412 31
636 889 23
460 308 16
391 870 33
427 347 16
12 829 19
470 236 9
278 668 9
712 406 21
319 740 19
800 417 28
73 556 2
57 643 28
369 728 27
851 736 19
667 248 24
688 293 18
654 768 15
780 556 31
634 534 16
419 870 29
488 723 20
304 296 20
186 718 14
477 10 14
461 575 31
827 590 23
160 32 6
245 5 15
696 23 11
433 96 4
412 874 25
556 68 21
680 821 23
724 642 35
591 166 28
391 712 11
653 563 29
152 723 17
222 153 17
444 548 17
739 516 4
346 560 21
126 776 6
377 577 37
52 181 15
225 172 22
637 791 24
810 310 22
289 224 20
432 281 32
778 632 22
90 215 12
544 305 15
472 289 19
835 752 24
527 363 6
258 39 17
120 380 11
384 176 27
156 784 25
145 761 24
867 628 39
599 790 4
170 65 23
146 122 4
354 277 32
417 594 23
606 295 19
343 785 13
9 432 29
340 774 30
726 433 24
283 624 21
667 709 23
390 435 13
86 36 6
454 252 30
430 717 26
796 561 29
578 417 10
362 122 12
602 393 7
770 613 6
548 342 17
128 260 28
355 135 17
431 117 12
205 276 34
320 505 30
32 608 22
448 213 26
271 510 27
805 756 29
570 319 25
82 489 14
846 869 25
600 442 24
881 457 21
246 589 24
287 245 22
489 871 18
547 369 16
403 646 16
91 424 11
501 125 26
67 258 31
25 299 16
499 418 31
299 846 3
301 228 22
407 551 21
285 238 1
694 828 17
157 81 -1
844 627 30
697 563 7
617 824 18
180 720 15
516 99 30
234 125 11
321 543 21
665 447 32
820 183 19
722 116 34
661 872 16
83 524 16
835 192 2
240 801 19
15 692 24
232 527 15
644 646 20
718 808 22
302 139 18
696 474 16
328 615 16
495 412 20
460 254 14
100 631 19
58 574 24
64 517 27
834 150 15
316 161 13
870 195 22
137 282 29
613 252 30
554 738 16
184 236 28
235 708 41
742 237 18
17 25 20
711 294 22
81 697 21
501 553 15
399 826 27
357 556 10
897 610 20
91 461 23
369 572 23
825 467 5
372 673 19
359 296 15
892 235 31
259 362 28
382 580 17
773 7 35
488 805 16
153 890 21
558 870 15
34 694 21
616 471 22
244 482 28
173 840 21
352 477 16
319 544 21
567 785 18
859 299 17
603 129 12
406 29 21
418 171 23
505 167 22
425 300 6
34 131 9
40 26 32
889 585 19
50 654 19
161 334 27
80 92 15
257 787 29
233 331 23
697 759 15
377 254 34
120 591 3
748 845 20
260 620 24
25 385 12
804 261 23
843 517 16
604 118 23
872 676 24
178 820 13
594 710 20
681 640 29
799 585 21
132 449 23
136 329 21
531 483 24
666 254 28
795 15 8
684 395 24
525 821 18
218 533 22
394 32 23
465 650 24
297 843 20
167 405 10
108 183 23
455 827 20
242 267 8
807 200 23
126 308 14
279 703 20
501 737 22
454 537 30
138 776 14
794 762 18
107 159 15
454 711 19
595 887 16
581 800 36
356 883 16
473 634 13
12 226 33
263 822 20
856 712 17
335 696 25
589 364 22
801 352 17
84 29 26
213 788 7
124 24 7
124 820 20
837 27 11
250 792 30
208 61 26
61 253 8
538 743 20
584 256 16
774 579 20
99 564 7
794 448 22
559 640 21
428 888 13
0 142 24
403 112 19
704 224 21
73 764 31
431 6 21
117 264 21
508 584 25
845 16 13
148 417 20
438 3 15
396 321 33
27 295 16
443 484 20
419 55 19
139 254 24
656 332 22
629 18 40
542 466 21
288 706 17
157 332 3
365 666 28
124 345 21
147 287 30
267 649 35
467 864 17
389 229 23
4 166 26
731 853 14
9 680 21
348 56 19
727 700 18
385 288 9
745 583 18
823 681 18
528 164 18
34 654 20
183 333 14
174 549 26
609 444 26
21 500 13
109 436 3
21 819 15
463 317 27
700 822 16
136 744 19
347 110 6
329 302 26
212 759 42
241 427 25
187 812 14
719 198 26
859 627 14
258 568 15
242 387 18
426 730 11
777 37 33
845 385 4
808 888 5
657 30 20
713 145 11
685 246 26
550 93 17
392 189 22
381 674 27
27 289 4
483 774 15
625 504 14
582 24 12
808 762 11
183 255 22
571 595 18
571 356 8
673 161 21
462 805 21
559 588 18
842 106 10
95 718 16
890 335 12
359 686 12
502 718 29
96 123 28
402 29 22
328 656 5
781 436 19
797 546 18
328 783 10
578 292 32
801 520 17
237 716 14
86 618 22
375 40 10
849 13 22
201 9 16
59 294 30
387 215 9
43 477 22
144 838 31
649 293 23
739 830 20
228 699 22
727 314 40
662 873 34
835 424 7
576 855 32
551 419 14
372 61 25
62 303 15
706 212 20
56 91 22
100 429 20
367 141 18
897 684 32
312 521 12
464 493 15
617 160 7
442 676 9
405 369 16
148 234 17
10 745 12
658 456 28
853 516 21
780 439 20
185 579 13
647 254 11
192 283 26
219 324 24
664 232 6
751 701 24
468 417 18
530 138 15
638 149 11
133 620 2
791 67 11
741 850 30
558 787 31
51 427 17
701 190 25
804 88 5
863 292 11
882 183 13
258 307 9
281 480 30
632 594 5
772 91 27
475 759 27
407 770 17
835 552 12
122 764 12
