400 5000
81 144 23
126 201 20
357 206 17
151 338 12
204 86 28
357 221 11
313 272 4
243 333 12
86 343 18
342 152 28
264 215 22
27 183 24
301 270 32
362 195 16
94 142 22
325 108 22
38 191 29
368 179 12
295 109 20
31 314 21
317 361 28
153 264 8
385 299 31
214 249 18
97 380 19
333 51 6
181 296 31
192 304 4
132 247 23
378 315 27
105 184 24
134 8 18
164 41 35
84 160 22
253 11 10
191 141 22
257 309 15
76 365 9
186 172 27
169 318 22
107 219 23
145 373 18
333 57 20
172 248 31
148 41 29
22 307 14
32 114 20
147 276 18
353 54 15
81 350 41
225 41 26
296 227 16
26 268 27
0 215 2
102 395 19
383 248 17
234 189 9
185 89 21
365 222 27
187 63 33
33 143 15
59 385 25
34 336 5
186 55 18
339 67 14
147 348 16
342 207 21
11 252 18
66 394 14
156 10 15
81 4 15
17 187 25
391 123 31
173 333 21
193 161 14
229 87 11
266 8 29
301 121 11
255 79 31
180 23 18
216 29 28
268 139 20
318 179 27
40 118 22
87 387 20
269 234 19
85 291 29
197 269 5
41 338 35
215 378 11
143 398 19
1 211 14
41 343 11
84 243 23
121 37 26
130 38 12
6 388 17
221 312 26
363 194 37
86 317 16
293 14 25
334 141 7
121 262 24
324 171 8
168 295 27
116 73 13
188 364 10
306 110 24
331 322 9
363 290 16
371 391 13
259 5 8
175 144 28
373 134 24
187 386 17
357 191 32
19 254 22
79 60 20
148 32 26
371 362 33
104 211 20
272 216 19
126 223 27
331 183 17
36 103 16
7 68 28
334 142 26
209 157 24
295 296 21
398 177 17
167 173 9
352 355 16
160 388 18
240 199 25
314 88 31
322 243 18
108 182 17
114 101 18
347 156 9
251 321 27
307 182 37
75 353 14
122 289 32
345 5 19
279 82 20
6 208 26
105 50 9
380 116 18
333 140 11
143 58 21
102 220 21
310 63 18
139 398 27
98 278 16
159 17 20
240 15 31
332 227 27
352 380 25
29 63 38
222 363 24
244 119 16
255 257 28
177 331 17
162 83 26
170 367 16
64 344 23
50 378 -6
349 104 8
35 97 24
215 303 34
325 208 23
39 256 18
149 295 23
35 336 21
293 141 12
3 231 12
345 396 2
59 7 38
263 393 13
37 159 24
100 58 22
58 220 26
310 374 7
270 269 3
52 99 23
74 123 19
236 326 9
204 43 13
167 309 9
127 154 33
39 55 17
24 70 19
209 35 13
34 246 24
390 222 22
111 51 14
179 223 35
14 7 16
156 240 27
266 4 29
313 343 17
221 319 22
151 144 29
318 41 31
23 40 32
168 256 24
135 238 19
204 372 22
257 157 38
332 278 5
263 187 23
388 364 30
163 11 27
99 182 14
39 32 26
105 375 3
332 259 34
189 79 16
320 52 41
61 214 18
330 296 17
18 81 32
205 323 36
277 66 21
53 284 26
57 107 6
92 368 24
71 175 10
127 3 16
33 305 33
230 350 11
380 13 20
353 397 22
276 86 23
314 130 27
197 389 21
2 84 4
359 136 23
311 348 15
285 76 15
394 357 42
66 207 30
299 318 30
159 276 17
232 349 24
302 223 13
139 222 20
341 342 18
249 268 26
208 65 22
34 342 18
312 298 15
93 365 36
260 360 17
98 271 15
74 220 24
399 388 24
34 393 23
263 124 21
72 373 22
115 338 18
302 182 26
185 194 16
388 387 7
375 315 27
370 150 18
23 349 21
26 156 18
396 219 12
168 322 31
33 170 12
307 26 24
286 31 29
91 372 21
212 245 13
85 178 19
111 90 22
282 85 14
248 182 16
370 359 13
48 263 17
61 36 15
348 145 26
102 119 29
386 200 27
200 369 1
181 395 22
368 136 18
354 121 24
234 309 32
136 39 35
364 309 12
48 268 21
146 71 13
109 2 28
184 123 25
173 131 11
161 387 28
170 46 28
273 318 21
139 89 22
282 209 31
286 392 6
137 382 10
301 174 14
6 120 20
109 355 17
209 245 29
108 237 21
120 380 21
274 152 22
19 294 22
222 197 22
181 344 7
157 0 19
59 216 32
21 227 13
100 76 31
395 210 30
29 144 28
399 322 18
10 191 22
343 195 17
210 305 28
125 123 4
286 268 12
374 82 27
308 364 17
206 147 23
156 29 17
39 33 26
82 251 21
177 1 35
186 321 20
116 153 22
355 14 13
115 387 29
70 52 14
285 265 7
261 212 16
25 218 28
14 338 1
55 356 20
72 230 24
163 23 27
243 377 32
211 120 26
169 52 19
373 186 19
49 340 25
20 390 25
281 121 17
52 168 9
171 230 23
128 35 24
257 128 20
49 114 23
245 84 17
253 309 23
155 243 28
182 301 24
225 252 17
277 223 16
207 182 22
383 1 28
150 212 7
146 203 17
194 158 19
6 119 9
266 270 23
365 146 16
156 31 19
309 120 20
19 32 19
146 106 19
355 367 16
6 59 20
57 302 41
219 14 19
147 128 27
284 397 26
162 29 15
130 256 15
327 296 30
378 32 29
164 194 10
379 204 32
386 160 18
249 337 17
222 376 18
116 117 20
192 211 35
90 169 18
206 10 34
19 104 28
328 73 30
228 122 25
165 371 29
201 380 15
57 24 7
73 361 20
224 159 16
246 33 18
224 1 30
120 295 20
206 9 21
348 210 16
360 174 27
11 318 12
43 126 13
271 52 10
267 383 27
18 216 15
34 12 33
346 82 17
22 374 25
217 180 15
275 189 32
296 82 30
386 181 25
331 306 23
181 52 18
66 283 34
182 1 23
67 41 11
141 23 19
35 151 31
57 127 14
364 163 27
227 201 25
389 349 15
45 15 20
84 166 15
115 33 20
280 79 21
370 382 15
154 218 20
391 79 17
257 130 13
375 395 21
144 51 10
279 391 24
257 262 24
190 43 25
171 392 21
282 36 34
218 379 9
365 276 17
301 169 4
311 70 20
15 100 16
110 291 8
30 352 10
75 208 21
233 335 12
151 238 16
321 357 26
370 134 12
142 188 21
267 248 16
282 392 11
361 74 30
363 272 28
222 160 20
367 27 22
86 257 20
13 260 16
54 312 25
88 54 22
271 192 30
13 177 15
170 343 8
33 66 19
170 331 21
85 286 27
239 143 27
36 231 21
63 166 13
289 196 27
141 71 16
380 333 30
84 71 41
75 333 27
170 369 13
226 174 27
351 321 27
317 143 27
183 377 15
2 277 14
252 178 7
151 367 17
354 339 11
133 198 25
397 337 16
138 209 29
71 389 25
95 122 35
55 102 25
134 367 15
337 292 6
134 33 17
377 255 30
213 225 15
49 353 14
36 368 18
34 288 23
134 340 28
224 213 12
387 48 14
370 86 20
142 22 20
398 328 8
311 236 14
374 250 25
331 178 22
63 140 21
14 99 23
63 396 9
90 203 19
61 14 13
301 79 8
133 168 10
222 246 28
227 44 18
249 33 27
379 238 23
198 205 22
120 145 12
374 247 36
307 204 17
117 147 20
91 359 26
296 50 27
23 74 19
257 361 10
112 283 36
208 258 34
316 14 26
45 50 31
306 382 20
348 343 29
304 132 13
361 110 23
113 304 18
26 119 16
40 113 22
80 293 21
228 215 15
68 171 18
220 71 23
124 383 21
242 278 9
149 393 22
354 157 17
72 389 16
193 259 24
310 76 22
304 230 23
94 271 25
204 247 19
361 6 10
396 54 15
231 320 21
72 336 22
271 145 24
335 27 18
375 398 25
48 291 26
358 257 15
210 114 26
271 165 10
93 175 4
175 218 9
305 337 15
122 21 37
249 164 30
240 298 8
154 21 28
361 16 14
82 305 28
203 96 15
59 314 37
49 342 23
183 33 21
274 366 21
83 140 34
386 391 26
6 97 18
121 371 20
272 105 39
95 389 20
157 381 8
242 97 19
60 274 25
78 56 28
222 72 21
105 26 13
99 300 31
112 370 23
202 312 24
364 217 27
105 250 12
368 79 26
222 250 18
244 331 18
340 309 23
200 242 16
208 149 24
261 348 20
86 279 29
202 193 24
77 204 31
122 4 28
88 241 12
332 201 12
347 390 14
24 25 27
174 10 17
226 79 13
341 97 21
375 168 15
115 254 16
304 253 24
63 292 18
267 15 17
203 302 24
163 70 20
273 311 11
254 163 23
309 304 27
92 166 27
372 298 17
328 293 17
321 142 11
192 196 28
10 108 29
114 156 14
210 3 18
111 75 27
140 385 9
209 382 17
197 167 16
247 134 20
79 178 20
293 82 19
227 391 35
208 264 15
195 42 23
38 16 16
266 132 11
239 132 16
110 285 19
125 128 29
159 66 11
126 194 14
327 160 15
310 298 6
41 342 23
280 251 14
259 103 26
108 103 27
62 293 29
183 311 23
106 326 24
72 273 26
101 115 8
22 47 16
386 163 23
133 190 19
322 386 7
205 87 33
82 285 14
110 196 10
286 61 19
109 274 11
348 67 35
89 129 27
199 365 21
317 94 25
360 91 29
168 324 20
225 367 13
144 272 25
144 46 5
359 1 21
319 141 22
218 307 28
37 68 20
150 62 22
56 354 22
206 76 23
139 236 20
113 54 14
376 74 32
166 277 26
373 277 19
353 117 23
51 153 13
172 214 13
187 276 14
128 150 14
113 68 24
76 55 25
275 141 27
73 383 24
217 176 21
270 146 26
308 260 9
88 74 16
72 116 30
117 61 35
108 395 35
391 199 22
98 118 14
318 232 16
328 148 37
51 0 17
202 347 24
107 320 9
237 289 13
0 143 20
317 321 27
188 303 17
330 39 17
243 385 24
373 46 15
176 324 12
295 277 18
137 376 8
243 252 16
368 191 14
105 259 21
109 188 31
63 78 18
167 102 33
24 338 10
42 374 19
335 329 15
176 36 21
97 64 20
301 267 24
46 327 28
307 170 12
274 98 23
205 274 34
397 328 31
80 276 4
122 118 23
12 263 11
77 374 27
219 353 25
231 281 25
78 11 11
110 30 15
308 320 30
295 375 6
85 142 7
366 218 20
208 339 24
10 222 18
291 112 15
113 329 11
200 398 12
168 76 21
6 287 18
286 209 11
244 358 28
104 224 33
121 116 16
208 285 19
353 267 11
181 0 19
230 186 25
381 128 32
100 370 4
217 69 10
305 357 20
116 313 16
396 26 12
115 90 21
333 199 22
244 229 12
329 389 24
337 396 26
365 144 25
362 232 18
194 390 38
373 10 28
129 40 27
205 344 6
305 204 17
247 399 17
234 9 7
4 73 23
167 378 35
206 303 9
153 311 14
38 382 16
86 15 21
70 274 12
276 50 31
257 300 24
324 67 14
230 206 10
208 5 23
108 169 7
235 30 26
373 182 20
22 295 14
140 330 32
391 153 24
281 223 19
129 113 32
313 209 40
112 172 20
152 126 11
27 299 23
121 309 17
211 288 18
137 231 22
32 351 25
289 329 18
392 141 25
355 191 23
234 340 16
243 158 21
200 238 38
15 145 21
228 257 20
2 316 24
168 286 29
210 86 15
15 326 15
352 199 25
319 221 16
163 217 19
307 106 19
191 263 26
364 257 29
85 77 6
34 118 25
346 268 13
308 49 19
266 199 29
91 199 4
167 21 12
189 12 15
322 153 17
107 307 2
369 207 34
70 210 29
227 12 40
184 387 13
92 311 35
322 115 26
392 159 17
151 99 14
58 399 15
304 54 29
374 301 14
284 35 22
109 56 27
369 314 25
33 358 24
287 82 19
238 221 20
318 86 19
361 247 10
112 289 -1
147 192 16
129 354 26
325 54 21
328 281 9
211 88 17
341 103 29
154 362 25
60 260 27
222 296 18
216 162 19
346 250 7
191 262 13
23 157 22
112 249 10
136 119 -3
145 169 18
41 122 13
100 164 23
97 78 16
308 173 19
258 331 10
167 38 22
374 43 28
219 372 12
145 204 8
10 126 16
259 380 9
248 382 25
213 283 13
1 237 13
152 28 25
62 26 21
32 203 30
296 231 31
324 387 11
368 346 16
192 161 16
110 186 22
10 121 13
277 317 17
341 193 16
67 187 11
59 192 29
131 174 15
84 304 29
228 274 14
143 237 20
229 309 15
38 228 23
379 311 25
44 52 32
118 299 22
95 335 12
130 116 23
360 105 45
97 40 17
103 104 14
339 128 16
356 353 16
345 52 32
247 210 18
348 75 15
93 33 14
79 9 34
248 365 18
34 129 24
391 378 10
287 183 22
274 346 31
75 48 19
90 146 26
372 310 22
92 11 36
386 178 37
172 326 21
241 333 11
68 257 25
245 220 19
270 241 19
168 370 11
94 128 10
73 340 13
143 0 21
224 101 27
146 338 12
174 317 17
318 293 9
322 215 15
61 59 21
339 13 24
316 390 32
300 159 33
270 201 14
74 12 18
353 148 16
375 104 13
172 43 22
232 120 21
350 231 24
199 106 9
359 348 14
337 130 22
43 128 6
147 299 25
229 352 27
261 324 9
344 283 7
326 18 5
307 323 22
209 278 17
140 188 29
43 24 15
167 188 13
224 47 -2
191 153 9
251 374 16
137 13 14
124 313 14
398 93 11
64 75 19
183 53 24
312 108 18
77 206 25
277 286 27
89 285 14
59 341 3
253 359 13
328 362 16
212 371 21
324 279 29
23 9 21
378 350 19
245 332 21
282 151 32
366 20 38
332 145 22
163 233 18
276 79 4
335 374 25
354 38 12
136 359 22
287 157 19
154 282 10
30 110 17
16 97 16
29 339 20
157 14 15
3 201 13
92 374 20
273 191 11
53 382 19
243 295 20
313 160 16
254 4 13
211 87 28
289 42 23
182 253 27
6 353 22
131 292 22
159 338 20
18 26 24
267 151 13
21 386 19
192 47 22
46 125 24
185 388 35
270 292 6
144 346 31
176 233 24
299 363 25
171 49 20
382 170 9
22 195 31
380 265 23
130 12 17
216 307 14
384 276 17
353 160 9
340 293 21
149 334 12
1 125 31
97 276 25
384 35 21
346 260 23
23 242 32
10 71 32
374 348 27
351 207 19
133 169 24
261 292 25
282 192 19
20 387 19
165 337 16
375 350 32
163 93 20
42 284 25
370 61 38
85 64 34
146 351 19
148 202 24
254 259 18
93 147 19
61 293 6
101 241 30
97 225 21
344 330 18
95 214 17
268 69 33
219 337 23
118 210 21
2 10 25
351 314 11
361 217 17
360 184 22
0 251 29
254 12 21
176 45 28
280 69 35
88 385 3
127 161 16
20 360 24
252 334 16
85 266 12
73 212 26
83 156 13
282 90 7
342 378 16
296 3 18
179 365 33
204 175 26
97 317 23
259 96 18
256 129 15
210 329 23
348 292 18
168 270 18
201 291 27
335 151 27
113 232 19
101 345 23
64 42 7
386 225 18
315 183 24
353 384 9
142 334 20
105 196 18
394 397 21
312 354 5
15 342 13
267 27 26
388 348 26
117 7 35
107 150 26
292 317 18
272 203 21
385 376 27
40 116 26
350 275 24
372 349 10
215 317 13
93 260 31
387 198 26
87 56 22
227 303 20
345 394 29
349 141 19
26 65 22
223 385 19
51 326 11
18 316 23
41 43 10
339 350 32
296 350 12
136 195 18
38 15 23
16 223 20
353 378 10
263 275 32
180 90 15
365 374 31
84 331 20
219 189 16
111 268 23
228 51 22
15 397 23
54 387 20
102 273 27
136 120 20
119 214 31
60 309 6
41 6 17
397 352 25
353 200 26
113 297 21
213 199 7
46 25 6
146 178 28
10 7 23
389 220 22
202 224 7
298 161 20
155 84 16
351 368 26
126 97 11
41 346 19
291 7 23
230 384 1
102 92 24
172 117 26
169 291 14
16 399 17
171 333 21
21 82 16
170 226 28
302 225 28
62 109 5
145 135 21
271 295 25
329 278 27
356 394 23
153 21 20
129 388 20
74 121 30
89 10 10
141 54 10
122 182 22
334 261 10
271 65 13
86 159 7
103 9 12
54 167 30
35 365 22
252 130 8
132 185 37
26 169 5
270 112 30
52 124 15
69 124 20
220 272 31
74 258 27
101 320 20
156 157 24
144 378 28
371 159 16
122 334 15
5 329 27
328 194 17
206 219 17
17 334 16
227 103 24
218 189 0
279 61 5
51 310 9
149 326 24
286 116 13
51 1 12
357 104 9
95 180 7
223 88 21
340 336 15
382 109 16
103 73 24
347 2 28
88 386 13
204 163 17
368 147 23
368 335 17
147 278 15
192 359 21
269 69 35
288 68 14
273 226 16
224 4 29
101 57 19
206 85 10
318 112 6
76 244 22
19 75 8
339 326 19
54 263 11
48 194 5
13 198 18
270 17 17
280 8 18
300 7 16
178 229 21
360 358 21
222 362 23
68 311 15
138 238 16
256 204 15
229 278 32
117 374 18
396 186 17
101 326 31
360 73 17
140 162 16
377 257 19
259 383 24
298 243 8
249 200 19
210 307 14
138 245 26
143 198 26
80 219 30
18 252 35
1 279 15
291 113 5
238 152 15
375 229 22
69 218 15
380 276 30
129 140 24
70 367 13
294 140 19
295 217 7
49 140 30
362 197 30
231 164 16
258 374 35
311 235 16
2 46 29
62 260 21
358 68 17
37 130 29
5 207 35
16 291 3
30 74 18
176 385 31
135 84 31
39 286 15
58 97 23
154 37 20
225 40 0
200 70 -2
47 180 7
394 32 7
352 286 32
290 314 33
380 279 13
343 94 24
202 226 21
330 20 20
67 47 4
91 24 25
119 242 31
330 62 4
99 167 22
321 221 7
337 103 27
231 0 29
209 79 19
108 306 24
305 156 21
104 32 18
294 127 0
177 107 21
194 250 24
243 3 23
174 241 15
23 268 16
62 394 17
319 60 19
178 108 16
261 74 34
17 355 27
385 336 14
349 42 12
338 346 25
259 207 1
324 374 20
387 236 14
183 227 20
252 105 18
125 69 12
55 172 25
43 166 18
125 379 16
95 262 23
193 382 16
211 69 15
145 291 9
298 39 9
212 260 4
255 382 27
171 146 0
106 371 8
146 302 25
140 270 21
13 26 19
351 280 11
29 315 8
170 277 21
51 283 17
331 29 17
49 187 7
62 357 17
65 395 29
116 251 20
337 235 14
85 90 9
213 202 21
197 114 19
367 266 33
211 54 34
281 255 -1
246 73 22
326 176 17
112 240 26
247 340 22
269 354 21
146 134 20
98 122 28
330 226 24
127 190 27
238 134 19
327 192 21
305 298 27
193 209 20
270 351 9
283 10 27
149 283 5
374 365 28
300 197 21
32 262 23
190 167 15
248 150 17
251 184 20
73 194 21
115 39 20
61 336 20
50 69 27
50 234 33
126 53 20
5 25 33
22 12 12
335 225 23
82 314 21
19 360 19
296 90 26
77 164 8
235 191 21
199 376 19
162 62 17
355 371 30
158 199 19
81 343 6
234 271 1
295 199 21
9 300 20
311 24 13
27 86 12
39 372 17
325 376 25
361 230 24
380 40 17
18 158 9
244 150 13
80 329 8
397 101 25
283 252 14
128 368 7
96 308 14
100 20 18
98 169 20
397 295 25
103 278 25
205 150 26
142 182 17
353 63 18
369 39 15
46 289 12
276 359 19
293 15 27
364 113 21
213 321 20
116 381 34
30 10 12
280 298 22
395 278 42
164 384 22
316 388 26
292 324 38
147 49 17
208 124 12
75 112 28
24 226 11
202 114 14
263 319 24
318 142 19
209 16 18
196 22 18
327 95 18
201 157 22
301 360 19
29 21 13
73 275 19
32 393 15
366 350 18
381 198 14
55 202 28
311 44 28
56 235 3
28 172 21
273 262 9
51 123 3
301 130 25
351 62 23
197 54 36
244 24 31
133 62 31
362 177 23
151 216 17
354 193 14
115 182 9
33 127 19
185 330 18
202 146 8
231 7 1
56 202 27
365 248 11
303 281 16
106 165 24
317 322 17
56 367 22
240 128 7
102 187 21
160 59 12
226 361 13
16 153 24
146 194 17
179 387 -2
157 262 8
255 295 7
166 153 18
78 233 19
333 1 29
278 20 0
375 102 42
394 197 22
397 363 5
175 117 18
119 44 28
192 322 13
349 108 31
119 346 31
387 221 26
225 109 16
253 391 30
31 195 20
209 260 5
131 103 33
254 399 27
25 328 15
14 133 28
344 262 29
261 278 24
352 146 30
97 100 24
347 161 27
137 210 18
382 185 24
64 149 13
135 82 15
156 175 15
194 123 25
214 78 4
339 387 14
76 102 22
232 318 15
68 190 23
269 126 16
383 109 15
376 244 34
72 320 17
24 23 12
164 193 8
5 12 14
354 129 11
308 110 8
298 350 22
34 231 33
31 13 22
214 21 26
63 1 24
81 310 29
303 81 14
222 11 18
17 390 26
228 136 37
79 345 24
353 370 34
143 121 24
350 399 18
153 364 15
60 46 19
210 311 30
279 243 11
216 270 10
241 380 26
373 394 31
201 137 20
171 36 21
266 174 19
304 259 17
302 385 23
171 164 29
99 11 6
295 73 8
266 276 10
271 351 18
361 316 1
67 191 9
253 194 23
346 357 21
144 13 24
294 322 34
396 31 19
288 201 32
141 152 3
256 104 15
76 29 24
41 390 25
140 133 11
119 246 -12
322 138 28
37 222 10
141 178 24
309 320 10
201 364 6
381 251 24
169 143 30
206 346 21
347 279 13
353 7 22
115 192 16
308 92 13
204 346 24
81 151 11
380 83 28
236 57 16
341 301 24
275 34 24
32 350 17
190 263 38
257 170 13
190 300 23
88 363 29
63 234 23
76 137 16
134 105 29
204 291 11
193 165 15
159 316 21
134 188 17
274 108 24
328 333 5
20 320 31
342 79 26
156 239 24
372 82 25
338 97 21
191 285 25
53 119 20
348 41 23
293 149 11
14 11 7
131 341 21
95 172 28
211 222 16
2 346 23
219 39 1
110 353 15
45 78 35
222 115 24
21 160 11
241 172 29
365 364 22
134 34 21
107 383 19
150 266 10
268 59 12
200 24 12
309 246 20
81 362 19
128 297 16
191 61 21
97 300 20
44 83 19
324 122 5
186 142 4
129 273 11
298 284 8
229 108 10
221 291 17
388 200 26
196 163 27
315 235 17
264 393 31
372 151 30
271 377 17
325 359 37
118 78 38
241 211 -2
239 50 16
146 281 12
354 147 14
47 90 14
324 305 19
41 70 26
354 251 23
68 394 20
294 141 18
275 16 24
174 49 24
13 347 20
30 7 31
61 135 27
154 127 26
13 301 14
135 64 12
312 172 30
172 294 16
127 19 28
207 324 17
131 74 28
260 172 22
67 329 25
276 196 13
158 160 8
179 26 33
117 289 24
45 299 14
246 385 21
361 216 31
215 327 13
172 137 3
254 107 8
119 94 14
86 249 18
78 304 17
133 158 20
236 315 12
60 72 12
179 268 9
382 297 25
30 295 12
62 114 38
390 334 17
371 10 10
228 275 21
313 93 19
279 202 14
86 128 15
281 379 23
45 135 27
364 287 29
153 155 28
264 172 15
226 272 23
8 106 52
278 70 24
296 224 33
90 312 22
233 281 25
342 236 20
110 218 28
224 333 22
183 347 9
327 172 31
140 343 22
131 232 9
255 234 11
104 195 22
173 254 21
259 198 14
130 109 37
208 355 17
17 59 20
201 229 11
395 236 25
87 207 20
376 121 19
331 103 15
213 237 30
333 255 33
124 102 20
216 6 18
216 349 8
231 14 24
383 321 14
49 302 29
167 26 18
158 27 27
10 78 28
202 311 12
211 126 8
67 341 9
53 18 16
293 285 28
318 150 34
261 233 10
5 6 17
292 51 18
299 113 11
123 378 22
332 312 9
206 141 27
189 272 15
59 238 20
157 107 32
234 95 25
262 99 13
267 216 27
122 143 21
157 223 21
312 235 16
67 125 15
310 292 19
110 255 19
310 121 25
232 306 18
131 91 25
372 150 21
306 13 14
321 252 5
356 340 17
198 23 7
80 263 -3
197 142 13
394 143 16
377 248 12
369 216 30
217 350 26
314 382 16
117 332 15
72 96 21
262 239 22
117 256 8
79 23 1
263 385 11
0 38 18
14 359 19
399 208 40
292 268 21
183 368 32
64 184 24
166 351 25
223 181 22
214 189 4
76 81 30
19 349 20
159 332 17
5 55 11
263 9 26
108 307 21
32 219 30
131 379 11
92 296 23
238 45 19
347 121 25
254 247 26
69 231 18
281 169 27
59 31 21
372 198 14
283 207 32
251 306 24
379 102 9
293 228 18
203 135 18
114 213 18
142 48 20
301 351 3
285 367 24
92 77 16
159 340 25
210 82 12
187 317 17
10 360 11
309 253 26
13 126 39
146 109 10
281 337 29
172 76 11
68 122 16
64 351 20
164 186 22
150 89 22
334 6 16
16 257 28
14 310 18
90 366 10
143 37 24
265 153 11
354 143 21
398 222 27
99 241 6
130 218 23
200 12 8
314 377 26
72 377 19
237 338 20
347 243 5
271 202 18
246 205 14
224 399 3
139 14 12
234 82 33
313 306 21
318 198 17
374 389 32
307 363 23
361 265 10
171 72 11
183 128 13
379 49 10
288 189 4
353 382 12
49 337 29
215 244 13
272 233 35
198 88 32
144 249 31
148 193 14
396 24 25
269 117 36
317 287 20
373 333 30
55 340 10
11 141 17
93 153 21
221 339 23
243 246 17
311 4 16
107 108 38
245 117 15
372 56 32
134 154 36
96 199 11
237 20 14
369 218 25
24 68 16
161 277 17
160 349 11
132 399 19
293 118 24
121 383 40
20 294 33
263 304 11
275 134 14
306 301 0
17 162 30
53 21 23
50 87 25
42 269 16
299 138 20
322 195 15
169 49 18
2 322 13
354 169 21
131 354 14
259 32 23
58 379 14
343 183 28
211 298 15
175 145 38
389 250 23
73 337 14
306 315 19
209 304 16
50 9 35
72 375 18
9 386 21
376 320 10
393 138 8
211 161 15
128 378 26
53 83 24
229 219 12
243 125 21
171 394 2
94 381 14
143 133 16
207 63 26
327 251 14
154 115 28
322 0 23
39 269 19
139 188 35
371 181 30
246 193 15
4 245 27
61 89 19
137 275 25
303 103 18
48 314 16
73 121 24
4 105 23
353 287 31
56 30 14
248 396 14
347 187 25
248 67 7
35 355 10
85 218 30
116 61 20
269 153 24
331 277 8
18 11 8
320 169 18
378 71 30
211 361 22
4 293 49
153 29 25
107 310 20
133 140 17
326 111 23
335 17 32
387 146 22
14 313 25
155 41 26
32 147 34
163 379 27
334 286 24
38 324 25
27 237 20
189 17 23
163 6 9
313 145 11
334 238 34
101 181 14
268 286 7
6 271 18
167 161 33
396 310 17
294 147 24
224 256 17
214 243 21
102 295 21
49 65 32
362 84 26
314 116 28
390 28 28
173 318 22
29 15 33
375 195 30
86 144 7
155 385 19
317 204 22
55 25 22
213 6 33
322 334 21
94 124 12
361 33 26
95 279 20
24 21 -1
362 278 23
221 9 15
265 304 24
359 115 17
137 242 26
125 6 24
300 6 28
129 165 22
225 138 18
235 159 25
45 115 16
163 344 20
368 131 21
105 177 18
196 12 7
80 340 22
382 5 25
357 28 19
125 370 31
311 23 15
133 381 35
128 23 17
36 144 9
49 44 13
271 138 13
107 154 14
340 333 24
299 360 28
324 64 13
97 201 30
347 368 7
228 160 12
47 164 20
261 275 32
157 163 27
18 43 21
302 104 20
239 47 11
212 366 20
172 125 27
155 180 20
292 305 13
10 89 14
330 43 20
161 160 18
123 29 10
75 77 8
192 34 21
348 233 26
179 383 15
20 48 18
65 333 18
344 6 28
121 318 12
31 186 35
80 246 15
144 7 13
160 97 32
276 37 22
159 170 17
284 298 9
385 40 18
267 49 32
391 363 7
331 164 22
199 183 17
332 108 20
254 16 13
124 258 9
39 366 11
379 263 17
125 238 21
331 82 21
98 74 19
208 333 15
360 98 19
309 326 22
102 371 46
17 274 17
92 79 10
19 330 23
307 203 11
231 329 28
1 300 13
354 379 17
2 251 8
195 319 34
305 161 23
226 358 20
255 154 14
35 225 28
216 118 24
337 21 24
357 208 13
32 299 12
214 135 27
73 234 21
371 382 14
191 294 20
357 205 24
101 37 17
126 173 23
166 286 25
157 56 6
248 139 19
208 169 20
297 273 20
355 31 31
302 59 16
273 97 34
251 161 26
198 76 19
13 14 19
53 24 22
18 250 23
173 224 32
190 350 28
3 81 28
257 167 10
9 299 18
198 368 10
223 62 26
348 185 26
162 256 12
195 380 25
31 378 24
150 188 19
9 358 26
98 30 7
381 111 9
188 382 17
50 81 28
243 230 13
282 365 7
387 100 33
126 32 15
181 59 31
69 199 25
6 72 25
332 342 15
136 203 12
146 116 31
105 193 24
30 380 15
178 219 6
100 57 15
327 76 24
370 45 15
321 380 23
369 185 19
289 76 13
182 114 32
225 72 22
47 190 18
169 387 21
136 243 17
218 323 27
34 379 17
144 335 14
107 65 11
18 241 21
107 82 23
30 389 22
258 301 10
95 40 19
73 87 10
383 145 16
216 380 13
157 261 23
332 394 10
106 151 24
243 24 24
387 358 11
199 48 19
370 98 20
88 303 23
297 223 10
100 3 23
85 351 10
145 315 20
317 27 28
398 347 24
49 186 15
272 159 15
229 288 13
295 355 27
56 18 15
228 346 19
128 397 31
201 144 22
110 277 30
387 19 17
255 14 16
377 51 18
27 270 19
10 355 21
245 229 26
248 119 8
290 34 24
108 301 30
251 112 31
152 254 9
182 137 8
259 386 21
211 138 25
93 5 6
256 336 23
238 228 15
146 300 26
188 159 16
123 160 14
259 120 33
180 64 11
220 355 12
209 98 20
8 260 13
258 397 4
119 209 17
115 93 34
175 220 21
280 138 30
344 97 28
95 67 27
8 134 33
290 202 21
256 229 23
88 208 20
158 217 10
19 3 23
104 250 23
20 384 16
209 267 12
145 157 17
316 45 27
273 392 15
374 278 39
261 367 23
38 12 30
8 307 29
381 279 23
49 152 13
133 179 18
286 387 -1
84 123 23
345 314 33
344 79 18
388 7 17
89 126 30
77 149 5
235 28 14
269 1 20
395 29 19
226 377 28
24 159 21
192 392 23
171 100 13
231 6 21
339 360 17
178 16 23
322 255 10
287 173 7
260 339 19
55 24 18
142 172 13
188 77 11
273 6 17
187 281 25
121 220 23
339 25 25
290 366 27
223 219 19
171 373 27
209 86 29
167 287 12
162 136 28
390 58 22
306 309 19
191 4 27
337 70 13
379 203 27
81 384 27
245 305 16
12 219 16
339 45 12
35 267 23
11 310 10
220 349 17
58 179 14
294 384 11
122 110 24
266 149 23
395 149 18
25 301 18
250 195 18
338 334 38
54 216 13
302 296 17
368 142 12
72 271 15
380 148 34
269 88 12
283 279 24
49 237 30
115 337 -2
140 17 -2
257 259 15
8 120 19
197 106 19
226 129 22
104 380 20
143 232 31
187 382 25
88 202 21
392 16 12
274 339 20
355 105 21
377 10 17
280 134 17
83 88 20
255 20 13
175 153 17
345 337 19
343 42 14
50 30 19
95 44 -4
293 271 20
247 316 23
177 135 2
152 169 17
292 11 9
304 212 30
10 320 22
343 246 10
287 126 31
97 191 12
276 371 28
125 328 14
378 317 20
190 362 34
278 377 25
20 115 15
354 287 31
53 68 28
357 91 30
191 329 30
354 41 3
268 369 24
235 146 23
96 176 17
252 295 28
343 105 10
268 294 15
189 224 20
51 118 12
140 378 26
196 78 20
194 174 9
335 54 22
122 2 10
84 366 11
311 336 19
346 6 16
374 99 37
117 160 13
223 24 30
86 31 31
140 373 25
164 244 18
97 66 22
262 265 18
1 105 6
108 329 14
52 174 8
201 195 12
376 284 19
305 38 31
109 40 11
23 398 19
111 191 14
50 345 23
293 210 11
392 245 5
255 131 17
165 245 21
215 117 21
56 274 19
343 319 16
93 171 14
276 106 34
80 157 27
89 138 13
108 256 25
269 375 9
203 167 23
100 282 9
129 157 21
363 200 15
209 41 18
89 369 14
167 76 20
289 77 15
52 120 16
276 213 5
273 340 19
48 368 24
336 361 11
287 121 32
365 25 21
96 86 18
363 367 23
131 382 33
348 295 31
178 121 10
33 399 20
75 225 17
391 216 14
127 309 15
43 86 21
74 51 17
296 78 27
348 251 17
200 255 24
196 11 15
391 162 17
0 326 18
168 149 10
75 37 12
186 53 16
103 80 20
74 342 15
52 17 4
152 57 19
186 232 17
10 97 21
25 82 29
111 174 19
17 112 12
285 292 18
166 88 8
120 261 12
281 152 17
86 193 16
194 38 18
337 135 -1
44 218 15
66 119 30
79 340 19
335 64 13
122 359 23
259 258 18
264 166 12
280 131 -1
45 167 25
190 374 22
120 339 18
98 100 14
32 35 30
58 199 30
265 372 20
192 244 10
275 46 21
65 2 32
234 52 14
321 157 19
30 228 17
255 385 9
2 195 33
150 391 18
188 277 19
274 44 10
350 51 12
295 362 27
298 379 33
327 380 19
222 266 19
250 128 3
190 384 17
389 214 24
60 191 19
178 319 28
308 172 35
366 315 17
241 360 20
293 331 25
144 185 22
301 216 31
117 59 14
18 211 18
14 293 16
355 237 20
371 200 -1
9 181 19
115 46 22
136 364 17
315 117 17
297 83 14
179 286 17
385 287 0
191 321 11
177 353 1
276 26 20
1 218 21
398 109 20
213 189 17
345 397 28
317 79 40
63 92 19
295 191 13
171 162 10
337 123 9
359 260 24
128 267 14
370 77 24
95 162 17
217 325 22
278 276 21
297 190 12
179 373 8
169 251 9
352 45 26
284 210 22
255 133 9
397 42 34
303 88 13
226 349 18
278 162 24
202 167 7
272 293 19
251 66 9
180 46 15
80 123 34
282 134 19
198 58 18
358 244 18
36 349 9
263 31 32
151 113 24
68 338 21
137 280 11
304 40 30
348 36 25
248 48 37
61 297 20
305 9 21
387 334 15
172 151 20
334 76 2
244 380 22
394 381 15
141 287 17
188 206 2
324 392 15
241 93 38
131 321 16
275 234 16
315 358 21
101 282 8
41 181 18
276 31 23
243 287 29
22 304 23
344 282 17
225 254 26
241 279 14
138 64 21
355 354 23
5 366 27
71 149 24
76 7 33
239 125 14
33 365 16
279 133 27
179 185 28
349 215 16
72 253 14
389 178 9
250 157 28
258 252 40
398 341 1
372 381 27
148 389 23
33 110 32
259 45 25
45 173 18
335 15 10
324 71 11
357 224 31
237 269 17
363 135 20
262 223 23
370 332 8
235 265 32
118 39 30
170 347 17
217 165 15
329 64 25
186 91 34
53 247 19
3 174 23
4 6 34
308 341 13
398 142 23
85 172 17
137 147 20
77 381 4
71 223 19
138 310 23
280 388 23
342 33 10
372 29 19
45 184 8
6 149 1
189 271 33
218 271 27
217 334 15
388 313 31
119 160 16
109 70 10
345 74 21
314 356 20
337 393 16
287 6 1
129 197 23
392 171 23
199 282 35
355 391 34
26 72 17
283 76 6
312 133 20
22 217 26
53 31 24
359 18 13
112 77 11
86 202 16
19 324 30
90 60 39
333 82 6
384 231 18
319 185 29
296 129 20
302 395 19
88 282 16
121 221 20
0 84 18
268 262 24
254 224 14
33 59 19
34 361 17
53 342 24
325 285 26
49 366 22
211 110 32
361 226 13
97 286 6
43 275 22
158 371 13
14 150 28
99 259 12
389 352 13
293 121 12
156 215 29
399 46 24
247 71 11
122 128 32
295 138 26
103 350 30
294 270 7
177 392 18
279 227 19
62 131 20
377 58 20
156 3 14
307 102 21
181 15 17
135 222 21
141 129 1
32 169 17
97 29 37
251 211 34
378 60 27
67 374 28
273 128 21
222 302 3
2 185 19
335 346 14
344 189 9
241 188 20
60 13 18
337 254 30
289 243 20
339 333 25
98 171 19
243 321 32
162 110 14
281 279 29
351 11 17
222 322 26
1 375 25
375 56 12
347 199 24
227 2 29
231 371 3
202 185 35
108 245 11
333 218 17
57 295 24
138 387 3
136 296 18
167 131 40
78 263 15
292 397 31
4 90 9
222 38 15
271 240 22
236 155 10
320 378 22
98 331 21
271 203 16
386 281 25
345 233 16
61 246 24
51 136 16
320 97 22
160 3 15
160 95 31
218 196 19
283 339 15
118 183 18
91 246 33
323 331 29
19 272 20
360 368 18
241 124 20
26 56 14
269 72 17
229 26 10
262 370 29
240 138 17
73 27 11
316 370 17
283 183 23
387 332 11
283 75 26
314 325 27
307 221 0
305 139 23
278 55 34
271 303 18
289 212 8
280 276 15
235 177 29
393 109 14
342 45 21
376 306 13
254 120 25
310 315 16
102 39 16
334 131 18
112 14 7
251 363 25
17 289 10
349 58 19
229 394 27
65 273 11
241 351 20
215 154 16
303 333 18
154 68 21
280 293 28
396 206 18
75 264 23
189 346 7
178 332 18
310 200 36
59 394 8
61 48 13
174 304 16
169 286 32
318 346 15
238 319 8
363 180 18
148 6 11
308 60 27
178 24 15
22 284 32
223 172 28
76 266 16
335 191 18
30 285 21
369 8 23
363 115 15
220 306 30
59 12 27
148 168 15
65 43 26
324 41 22
75 68 10
226 36 25
302 47 14
96 205 22
348 211 14
39 358 1
271 187 27
283 70 8
381 164 10
44 165 13
324 60 31
90 172 19
315 253 14
345 182 20
114 186 16
259 256 11
313 213 27
131 71 20
97 292 13
376 89 7
5 330 21
5 250 16
50 93 31
120 291 11
247 332 24
362 13 13
12 231 20
206 389 19
357 177 12
242 105 25
5 296 23
392 209 24
221 80 32
92 283 23
94 120 12
86 114 22
37 385 19
149 27 28
285 45 23
382 3 26
169 53 22
312 300 35
354 116 35
362 122 16
86 374 33
70 394 21
72 274 12
352 234 26
113 21 28
390 163 20
94 269 20
255 350 18
312 74 23
286 280 17
371 31 18
320 14 11
26 273 10
82 316 16
373 5 24
266 301 28
97 220 24
98 101 9
202 53 36
375 340 28
33 367 20
57 94 22
52 43 18
381 190 9
341 156 7
381 292 27
291 389 26
240 303 10
2 126 25
359 81 22
277 127 30
171 95 14
358 355 18
226 286 18
105 326 14
120 24 31
325 62 16
346 271 26
296 239 13
145 362 24
113 71 12
191 152 17
394 339 25
232 307 11
374 261 8
279 361 5
237 223 30
388 149 4
238 234 11
343 283 16
69 254 20
397 29 34
240 72 19
217 85 31
353 319 11
192 214 14
187 206 15
399 193 32
279 89 17
14 202 17
315 327 20
111 278 28
308 383 13
398 77 25
11 364 9
320 344 22
386 265 34
390 227 21
54 389 2
8 78 21
77 359 20
26 218 26
88 299 27
198 286 28
319 108 14
384 87 23
363 2 13
184 20 9
64 310 2
273 30 30
231 100 23
59 393 32
313 336 3
217 6 3
24 178 19
270 85 14
21 30 16
281 246 23
41 327 21
27 129 19
246 382 23
224 52 25
346 198 9
346 327 23
166 200 16
219 110 19
34 127 28
320 187 21
303 156 14
320 39 21
329 176 16
94 268 12
50 72 18
76 14 34
25 234 14
195 107 18
351 106 6
109 192 23
318 358 10
128 220 24
154 395 14
45 373 21
240 41 21
3 352 15
235 0 2
358 164 33
288 278 20
146 145 25
173 62 3
38 235 17
353 268 19
104 171 28
384 13 17
311 397 24
359 160 3
295 353 20
259 376 27
246 214 3
264 129 34
397 338 31
113 339 13
191 362 13
209 364 18
173 122 24
92 151 17
243 145 26
219 18 30
128 336 25
335 356 33
167 390 5
336 394 7
353 20 5
67 324 18
385 338 17
22 91 13
396 252 21
390 191 18
123 276 27
252 340 24
134 99 19
160 91 39
1 166 4
37 231 7
103 218 13
41 317 16
315 198 31
107 288 24
255 395 26
365 290 3
82 94 12
47 140 24
57 342 13
101 327 24
308 11 7
284 149 21
364 24 20
356 242 24
210 205 11
167 141 22
241 107 36
248 324 25
78 390 20
166 169 24
361 65 11
8 16 17
12 309 -1
271 94 14
152 281 31
9 235 19
92 10 35
394 192 17
16 37 10
306 73 22
355 152 24
348 4 25
210 308 11
218 208 13
226 333 10
284 62 11
132 240 13
268 275 10
388 189 33
260 211 24
96 315 15
198 172 22
340 350 15
215 301 32
45 240 18
124 65 9
113 276 22
175 174 22
330 256 32
371 126 14
139 62 29
245 256 5
193 181 16
122 313 8
318 235 35
198 244 14
366 174 15
219 368 12
98 236 23
124 96 0
322 383 24
316 138 29
8 44 26
199 314 12
200 377 26
305 219 12
2 142 20
25 92 20
205 278 26
376 207 24
396 155 4
49 309 7
383 329 30
189 351 18
74 293 16
108 397 13
61 330 21
150 301 22
26 260 28
213 141 17
313 16 43
181 151 24
273 279 18
151 280 11
4 232 26
260 91 27
28 117 32
352 274 30
30 356 36
291 66 16
307 263 37
273 108 35
87 68 22
313 318 39
384 195 23
238 127 33
359 43 32
20 239 8
269 40 22
239 94 29
331 113 4
91 80 19
367 253 19
14 44 20
61 370 9
106 351 11
73 61 15
223 303 28
166 318 3
191 244 17
0 91 27
317 391 23
362 20 15
212 376 17
190 297 11
166 308 17
2 349 14
259 126 14
198 55 23
353 137 21
18 12 21
354 203 7
315 215 10
269 159 20
33 48 17
186 266 22
321 327 10
327 16 17
98 28 7
188 87 20
115 145 19
170 294 17
185 139 18
185 350 30
48 200 2
46 96 33
167 356 27
94 371 7
225 262 -1
302 397 14
343 335 28
83 388 7
135 65 12
286 144 21
76 173 21
287 154 35
141 276 14
260 285 17
185 238 25
11 47 40
374 74 12
177 172 16
43 44 15
324 254 28
196 119 10
345 269 10
178 277 27
21 238 20
176 95 12
297 293 24
148 226 22
204 313 33
299 164 25
252 330 18
250 174 30
254 264 16
177 57 18
138 397 22
27 258 18
37 393 9
235 233 12
353 272 14
360 15 19
54 186 29
62 96 21
361 310 7
39 166 13
34 24 17
187 224 22
254 140 19
156 226 29
340 127 22
328 16 23
70 128 23
262 145 2
240 112 19
101 332 35
390 34 14
258 237 23
71 251 22
64 385 15
190 194 19
316 23 20
223 369 29
11 75 27
77 144 30
303 298 32
169 247 22
329 109 21
49 35 14
305 2 11
358 109 11
88 83 23
202 318 9
305 346 2
163 92 18
72 325 27
322 193 35
335 13 21
56 161 20
231 307 28
273 77 34
214 70 33
213 48 12
117 249 18
166 80 17
52 51 17
133 246 24
272 379 16
104 283 19
351 90 36
370 268 28
79 198 12
291 109 22
56 132 20
153 83 22
239 179 19
83 77 7
95 29 34
160 208 6
156 126 14
314 306 22
389 198 20
371 301 28
307 164 22
298 347 15
185 220 24
213 187 32
259 178 13
294 234 11
201 93 17
313 75 30
91 340 13
193 127 -2
179 67 22
349 63 25
312 310 16
397 228 16
246 47 22
247 203 13
35 310 12
195 74 20
367 176 14
82 55 24
68 85 11
77 389 23
207 24 22
348 296 32
355 5 15
397 393 29
348 261 23
116 378 15
318 22 17
325 242 21
340 132 15
119 343 20
132 338 19
296 299 19
379 19 21
349 28 28
205 233 13
4 155 11
282 169 19
132 126 30
284 88 11
171 302 22
285 126 24
99 281 20
248 136 21
56 369 13
31 349 22
152 236 20
109 212 14
259 106 12
330 304 31
37 331 18
197 183 10
244 270 23
30 299 16
141 232 23
305 13 17
399 346 29
193 73 22
325 11 8
113 375 16
264 114 29
204 248 1
60 289 11
325 333 30
47 44 15
254 234 20
10 143 8
359 53 22
171 169 17
17 107 20
280 344 29
93 52 25
239 196 22
42 384 7
105 316 22
309 143 33
27 223 12
3 132 19
17 143 15
324 310 22
195 143 23
359 84 5
129 13 3
8 283 5
102 58 9
360 58 10
282 261 14
58 226 13
253 398 10
239 64 13
98 64 14
3 91 11
341 68 22
104 198 13
171 152 15
314 337 11
201 143 22
177 220 22
6 248 23
287 108 3
90 392 20
276 383 35
141 285 3
220 54 12
229 165 3
219 133 15
383 132 36
66 305 5
306 379 22
345 224 28
161 385 28
214 2 10
338 242 23
108 73 30
0 246 19
3 182 13
263 172 28
35 329 17
93 91 30
379 293 22
84 74 20
70 205 12
117 38 12
56 263 30
138 114 23
169 325 21
326 133 17
255 305 30
256 64 10
71 75 1
349 138 7
206 330 25
209 202 20
355 135 20
210 178 15
40 354 8
333 139 3
104 323 11
335 316 20
208 106 26
318 131 22
56 92 18
130 21 2
280 355 20
237 349 25
93 349 18
144 195 17
385 179 17
352 27 13
59 111 18
220 332 16
189 357 31
281 266 13
272 225 38
342 1 16
148 362 27
98 211 24
211 366 15
236 108 22
263 117 27
200 122 13
33 124 25
168 317 13
141 11 24
262 253 21
232 140 5
317 26 4
210 6 -3
264 101 19
1 58 21
358 59 25
145 363 18
241 318 8
253 389 16
391 48 10
77 322 23
57 257 22
110 184 9
313 348 33
260 393 24
158 142 24
187 139 32
105 391 33
362 180 13
70 23 24
26 322 14
329 196 13
148 125 13
158 162 20
315 393 26
121 105 14
8 146 26
307 365 7
315 20 13
252 53 15
341 74 4
319 370 27
262 76 20
9 332 24
40 189 24
373 61 21
321 212 12
232 32 27
63 264 -4
336 390 19
121 340 22
87 77 14
34 211 39
14 218 22
263 324 21
84 128 15
301 182 8
335 182 25
150 93 12
240 309 10
74 315 29
385 167 15
16 375 14
391 377 27
286 323 32
349 299 27
256 300 8
318 2 25
239 158 15
113 296 14
187 311 26
62 363 19
128 218 12
394 266 20
386 344 19
358 193 24
254 135 14
252 151 18
397 386 9
369 26 13
89 76 18
204 368 9
339 228 16
294 239 6
312 46 9
320 54 12
239 321 20
118 215 28
169 262 17
92 196 32
82 254 32
262 276 16
21 39 34
324 302 29
96 36 26
398 168 13
202 189 14
40 208 14
145 14 23
300 243 12
320 182 16
113 130 26
204 157 21
228 390 28
228 268 17
164 312 17
381 15 31
192 164 16
389 23 14
379 177 14
188 276 26
295 258 17
206 248 26
7 100 17
320 306 33
106 84 10
110 274 37
253 287 30
355 252 19
362 95 17
242 245 25
87 321 13
66 194 9
247 285 13
254 117 17
360 312 13
2 275 22
387 277 27
333 316 23
84 65 23
282 92 20
333 219 22
21 231 9
339 112 22
32 275 18
39 333 16
327 267 19
206 322 20
180 32 28
284 272 17
11 201 16
0 338 9
147 215 25
191 208 31
40 184 23
9 337 19
115 138 22
143 183 20
177 44 27
319 390 12
0 269 16
109 98 11
374 373 25
262 93 17
343 155 11
74 382 33
372 192 17
24 16 9
262 312 32
173 253 29
323 42 36
156 241 13
280 77 17
133 234 22
158 284 14
368 282 13
390 258 16
129 195 8
207 318 26
355 281 19
345 291 4
340 23 21
180 397 26
59 297 11
222 59 22
115 269 22
58 295 3
283 14 22
209 44 12
215 53 23
22 321 16
279 354 30
345 338 17
68 346 23
96 374 5
227 312 7
81 322 33
181 323 18
219 214 24
155 296 28
396 89 24
160 210 18
317 75 21
48 253 10
112 30 21
131 69 14
145 297 16
347 233 24
313 144 14
130 347 17
87 45 29
95 46 10
89 125 15
238 85 28
17 10 24
345 225 6
299 185 20
27 218 23
399 343 29
39 342 13
149 346 17
106 181 2
375 217 18
316 57 10
398 374 30
194 104 18
30 351 30
372 204 23
52 371 19
81 395 25
57 98 19
359 218 16
294 166 15
190 380 3
234 0 14
249 12 25
167 60 9
151 299 22
190 302 24
209 286 3
296 126 11
232 250 7
23 85 24
312 22 25
329 253 23
328 283 7
6 357 12
263 87 24
353 107 25
248 361 18
135 150 10
218 101 13
145 72 28
57 6 26
9 266 25
150 229 7
321 10 21
221 193 19
321 119 2
141 227 18
101 286 8
269 332 16
361 373 29
361 23 17
289 32 22
230 129 26
235 393 30
305 344 22
367 88 30
69 317 13
176 381 21
22 272 24
136 369 27
270 339 12
76 54 20
289 81 17
114 110 15
58 61 38
232 317 23
227 281 16
201 332 0
393 10 15
243 155 19
234 124 26
168 269 13
367 17 23
294 281 26
292 318 22
48 344 20
181 61 18
82 114 24
104 291 28
98 372 32
393 314 9
269 44 6
329 217 16
382 315 22
262 381 27
86 35 27
312 81 17
34 337 26
104 385 18
51 381 21
100 326 21
299 125 12
188 357 11
354 336 28
96 7 21
387 151 22
194 247 11
236 210 26
299 121 12
281 387 16
3 183 12
190 293 5
20 319 13
23 344 24
66 160 16
185 288 8
220 203 16
211 337 35
7 388 18
335 355 20
120 113 5
286 279 16
146 34 14
94 225 33
155 181 25
389 69 14
279 225 28
194 298 11
359 346 30
126 88 19
274 46 35
373 350 22
327 369 8
287 191 10
106 252 23
80 128 22
343 167 28
126 381 16
341 182 24
335 53 21
329 94 15
68 348 34
316 287 32
132 209 38
76 315 5
378 227 23
67 8 21
149 382 29
212 368 17
112 369 25
193 391 26
243 398 22
82 288 36
399 80 9
58 153 21
238 327 11
155 152 21
186 326 9
372 145 15
349 225 24
299 186 14
328 125 30
126 188 33
102 321 30
164 32 15
85 6 13
323 382 26
194 248 17
7 94 20
290 222 9
377 1 16
295 95 19
257 242 25
21 64 26
167 346 9
337 315 29
136 254 38
22 40 12
187 123 5
268 314 13
26 304 20
178 272 30
343 245 35
301 108 17
303 154 35
349 238 17
285 249 26
258 160 17
71 187 13
399 181 28
124 139 7
311 185 11
365 141 17
377 389 19
96 327 13
175 299 25
228 61 22
298 212 29
165 319 25
184 360 10
206 125 28
237 279 14
29 169 19
241 10 19
45 93 14
391 100 19
263 84 15
53 260 30
160 371 15
364 28 33
361 163 11
165 352 35
269 47 16
294 231 25
48 355 25
196 299 25
373 397 21
0 48 20
300 154 23
247 42 11
391 198 22
136 333 -1
52 38 16
14 225 32
252 339 27
18 123 28
205 121 9
215 335 14
44 387 15
156 390 24
75 32 19
203 177 26
99 149 1
390 185 26
393 209 8
13 1 24
263 338 15
86 60 29
253 382 10
167 388 21
190 157 23
332 7 18
57 307 28
28 72 23
320 220 35
85 66 26
215 339 14
158 387 11
89 140 19
208 201 27
211 83 29
63 373 15
132 188 11
347 9 21
391 267 21
90 280 19
385 310 12
19 151 15
122 51 23
337 186 14
136 233 20
32 25 20
12 95 27
65 245 32
175 342 17
172 1 18
38 23 28
115 163 29
75 230 15
153 332 24
323 98 24
381 98 23
217 49 16
136 320 34
149 291 18
163 371 21
164 78 19
362 250 20
308 201 11
167 157 23
100 168 23
13 199 6
180 174 21
313 311 4
7 67 24
271 156 17
38 272 16
216 15 7
343 282 20
286 278 3
15 237 20
326 269 19
97 35 20
68 94 29
91 37 20
289 271 34
163 77 29
365 379 6
251 53 22
147 263 20
339 161 14
388 222 16
102 110 23
153 221 23
331 61 29
246 164 12
274 192 18
9 149 19
5 122 27
189 303 21
96 238 23
372 31 17
326 48 25
32 206 30
314 43 28
269 349 32
228 207 44
277 216 23
394 142 27
11 48 24
220 233 6
222 71 32
149 197 25
117 335 10
137 87 20
353 30 28
151 103 32
264 55 12
380 261 13
179 204 15
383 174 15
246 237 32
217 41 12
130 370 26
316 372 17
291 383 13
333 250 8
186 347 12
42 379 26
254 73 18
208 224 16
332 244 17
308 193 6
43 88 17
229 252 27
221 294 3
383 124 22
270 397 14
388 145 33
50 354 16
290 158 3
323 22 19
318 33 21
210 262 15
90 121 22
233 80 25
29 53 24
190 307 18
116 363 -2
332 83 32
142 313 10
87 246 24
315 165 8
49 276 20
398 267 8
322 33 28
124 241 17
94 307 16
226 319 20
238 369 26
106 144 9
361 85 7
342 158 18
336 43 38
241 264 23
219 351 24
83 15 20
1 243 17
216 132 15
202 377 12
237 268 24
337 45 21
67 80 12
172 302 16
145 212 16
49 57 10
141 261 26
200 170 25
211 331 29
277 28 24
242 11 16
116 141 23
98 399 32
362 301 22
284 359 28
220 135 28
26 74 20
393 170 20
143 290 11
119 54 19
194 201 28
252 231 9
125 42 26
337 301 21
276 143 31
172 191 17
124 82 30
232 386 25
238 114 28
284 302 18
70 319 12
85 392 22
395 133 11
93 382 2
30 282 28
211 336 22
10 44 16
101 206 20
273 185 18
96 318 30
1 142 17
152 290 13
358 96 12
213 335 23
18 308 17
211 50 14
91 323 14
311 80 9
82 28 20
204 118 18
164 79 23
56 123 25
33 394 29
341 208 15
398 356 36
89 3 6
249 291 14
124 165 23
240 34 14
113 330 13
10 255 15
101 260 25
24 120 20
335 76 30
278 238 27
128 298 24
392 293 23
34 151 26
239 322 19
267 50 10
20 107 10
328 295 33
73 266 21
68 233 16
157 346 20
336 40 20
358 392 22
42 59 40
342 66 23
8 299 25
62 201 28
305 52 30
155 48 31
241 116 20
189 53 21
161 337 19
214 239 14
181 132 15
65 132 22
329 9 16
342 383 16
249 1 21
342 100 22
274 102 19
188 329 14
362 166 30
198 269 27
301 307 24
94 233 23
39 230 22
309 22 23
220 178 18
352 282 26
389 239 17
42 72 30
357 227 16
355 325 9
47 157 16
337 296 14
224 272 26
208 122 29
355 244 15
3 139 0
355 360 22
132 35 16
71 253 22
31 283 17
368 141 22
120 108 16
169 148 20
375 325 26
81 392 22
173 300 20
261 219 23
51 308 17
17 70 22
398 262 23
199 59 36
124 112 13
282 334 21
68 277 7
157 41 23
220 182 24
92 189 33
62 19 16
381 205 26
194 232 14
77 15 18
230 345 31
45 109 26
345 385 26
324 375 12
4 183 21
350 267 24
134 254 21
357 13 20
208 57 18
65 124 19
231 284 21
69 343 14
353 135 20
135 121 5
263 82 32
70 338 24
334 214 1
195 283 18
202 310 24
355 65 27
248 15 20
4 340 20
308 125 13
100 238 23
141 327 12
32 354 25
280 287 22
282 246 14
117 350 12
365 192 31
108 269 18
159 232 14
261 220 36
234 351 10
358 231 21
238 110 25
310 73 16
272 172 21
225 178 18
192 82 20
358 173 25
124 38 -1
292 279 16
140 340 14
181 336 33
392 15 4
160 194 26
118 327 29
310 294 18
313 304 19
144 168 23
329 111 14
252 57 22
258 296 24
256 157 20
64 194 9
336 313 -2
245 86 24
54 277 20
287 336 16
217 154 24
125 135 22
128 105 16
77 316 15
391 18 19
65 399 20
310 334 21
323 51 20
263 151 4
88 79 23
319 249 30
110 212 12
42 91 20
184 143 20
82 307 10
133 148 11
286 245 22
146 299 23
262 78 19
74 117 28
287 93 18
243 277 7
134 133 8
89 218 10
334 322 8
42 200 25
98 396 13
62 393 13
228 362 16
89 376 17
198 81 36
310 68 37
21 132 24
252 253 24
88 378 24
315 388 19
352 283 17
365 366 3
39 275 25
183 369 17
259 158 5
247 310 27
113 313 4
21 373 33
76 263 22
356 267 18
21 105 21
63 214 26
362 148 25
126 327 15
81 223 7
129 94 19
251 273 17
65 114 26
180 327 13
227 198 27
111 43 18
102 292 33
139 13 15
305 166 19
370 30 21
168 215 27
263 32 22
238 283 16
211 352 47
352 394 1
348 350 5
31 9 31
142 46 20
151 210 22
189 248 25
192 200 20
143 245 5
174 356 13
166 348 26
71 331 30
70 137 30
82 11 20
311 100 33
221 396 30
274 327 16
388 376 20
87 6 9
266 284 20
399 74 19
367 232 22
94 187 25
203 122 17
224 293 8
161 71 22
189 148 14
63 130 24
294 343 27
138 338 26
135 288 29
356 208 22
117 161 20
24 166 25
304 112 10
26 16 13
63 243 19
63 317 -4
40 119 17
127 269 23
398 113 12
318 187 32
62 371 7
237 352 7
275 286 17
330 78 19
360 370 23
174 162 17
283 244 31
176 326 6
343 347 12
309 316 13
119 7 29
345 86 13
179 54 18
203 0 24
157 183 5
106 90 15
131 372 22
91 228 19
12 267 13
358 258 14
203 52 29
223 256 14
108 36 8
286 219 15
69 244 6
244 186 13
16 242 24
382 357 39
228 7 12
140 122 26
297 185 22
158 14 10
9 362 16
113 51 27
293 22 13
177 55 4
140 45 26
395 109 9
23 63 14
316 389 21
226 339 14
26 348 36
198 61 12
20 103 20
386 55 22
325 340 32
67 361 19
171 190 14
31 290 17
254 189 23
185 1 13
47 281 20
188 380 19
361 285 13
381 28 11
143 318 39
368 247 26
385 83 1
298 183 36
46 134 12
148 131 7
100 94 20
17 352 26
73 195 9
316 127 10
287 387 18
17 223 17
163 319 17
178 244 18
372 234 15
338 53 18
317 197 30
270 101 11
234 54 28
323 265 10
131 317 29
124 332 16
190 346 18
192 319 20
142 2 19
222 392 18
224 151 13
388 185 26
326 342 36
196 300 22
119 113 26
300 138 8
230 10 19
19 386 24
189 298 19
15 95 8
331 191 28
336 131 32
155 55 21
241 0 19
197 380 27
271 15 25
27 46 19
303 316 17
208 141 12
174 6 22
182 166 26
250 89 18
302 184 36
94 209 17
373 324 12
61 384 14
184 241 28
130 190 8
216 302 15
48 115 11
342 251 26
110 395 36
139 33 29
3 135 8
261 12 31
124 181 17
22 268 12
74 79 27
62 376 19
399 350 19
368 265 26
73 33 10
114 140 27
50 349 5
274 47 20
140 155 20
139 290 34
251 159 42
332 16 8
149 262 11
66 125 10
341 73 14
16 137 28
380 170 20
4 132 24
355 174 24
43 135 22
53 108 25
128 361 13
150 135 6
111 6 18
324 68 11
268 136 21
70 94 16
328 310 28
167 298 17
5 372 26
72 243 22
153 111 21
391 294 25
168 193 26
102 389 31
134 252 27
125 53 27
197 50 6
85 398 35
53 37 19
260 111 23
240 100 32
206 298 6
393 341 27
0 374 19
185 224 6
387 238 14
9 126 11
89 13 18
167 380 23
350 226 23
301 21 28
281 381 14
303 11 16
138 272 28
360 292 16
257 350 13
185 143 19
314 344 23
313 73 26
399 6 12
383 123 20
112 292 33
265 96 22
348 17 24
34 6 26
328 139 26
45 380 25
197 294 18
105 197 13
204 245 23
141 116 31
210 159 26
234 62 10
134 123 28
222 234 23
272 339 12
365 323 24
194 117 25
24 212 21
104 316 9
183 154 14
377 59 18
297 278 22
34 300 37
286 388 15
209 29 17
44 352 21
132 351 27
23 179 14
39 247 16
333 14 25
85 216 18
114 261 21
274 75 23
31 66 20
135 343 19
47 288 13
319 198 13
38 340 23
59 84 14
12 277 20
143 375 25
374 109 21
213 133 5
33 310 29
308 104 11
132 381 16
187 349 18
0 18 21
388 48 27
369 149 2
230 329 23
129 398 17
15 198 7
319 193 7
325 207 22
304 248 28
242 142 22
363 308 16
305 208 26
311 343 18
257 15 28
132 306 20
296 36 21
343 216 27
351 271 22
236 102 14
79 86 15
70 192 20
167 81 20
318 144 9
94 204 20
335 85 12
230 319 16
356 328 19
233 363 3
73 363 16
6 102 29
399 293 10
274 84 0
320 145 18
29 10 16
305 60 17
26 356 10
268 18 10
26 282 36
80 171 28
120 188 29
70 201 24
33 291 22
59 138 16
361 62 16
209 93 26
112 103 7
287 59 23
314 155 12
351 382 32
303 84 16
29 186 16
199 189 29
370 81 13
1 384 27
323 1 20
123 212 34
65 337 31
360 235 21
57 204 13
57 331 13
132 38 14
72 366 13
287 150 22
136 127 43
323 322 18
330 85 4
224 389 15
105 140 24
271 269 18
45 390 20
5 298 14
373 196 20
233 255 25
229 84 29
229 20 19
85 47 21
252 187 22
393 388 23
55 75 19
136 302 19
298 307 7
266 163 18
194 153 19
143 117 16
51 100 23
380 192 18
98 22 22
68 363 17
140 215 34
293 389 18
395 305 17
327 239 29
160 80 16
399 379 29
393 226 16
264 47 24
138 360 5
313 0 21
214 123 15
0 128 4
27 58 31
137 388 21
151 15 16
250 293 35
215 173 17
279 275 26
51 254 11
177 293 13
75 51 24
198 390 14
94 258 12
167 34 8
270 227 28
234 140 30
210 123 17
293 239 15
134 388 16
166 298 32
356 279 11
102 222 23
61 192 48
295 254 19
30 349 32
295 61 6
286 222 2
237 195 24
104 232 19
274 292 21
167 248 24
218 144 11
369 330 16
170 362 28
304 33 18
81 352 27
161 250 21
218 2 22
384 271 17
41 72 24
256 230 25
243 272 25
377 149 29
113 347 17
212 146 15
111 70 12
305 372 20
138 184 18
379 332 22
50 356 11
59 207 23
161 109 20
328 114 28
57 275 17
275 280 28
214 261 11
320 109 33
97 138 23
147 352 10
20 343 20
304 35 15
329 36 38
307 28 37
6 383 15
390 42 16
64 152 19
326 374 12
1 67 16
101 173 18
187 252 22
23 208 11
166 9 9
392 78 10
373 274 27
130 294 21
213 243 5
45 42 19
127 258 21
351 4 16
69 109 25
166 387 27
54 256 9
163 359 17
107 273 11
305 279 4
292 198 11
356 17 16
187 370 20
213 96 17
42 37 12
35 77 17
88 393 34
84 186 10
160 14 14
135 327 32
61 173 20
152 170 11
355 179 25
341 313 21
80 335 30
12 203 5
16 167 19
367 150 18
325 222 15
11 213 18
36 14 17
166 349 20
329 242 40
208 388 17
315 300 14
370 384 26
187 227 13
45 46 38
117 370 18
378 79 15
320 138 27
9 256 22
303 74 32
397 306 24
255 12 25
141 346 20
283 241 29
324 190 20
210 340 15
4 205 12
307 25 19
23 165 26
31 155 24
152 288 11
102 98 17
206 377 26
91 77 9
166 310 16
26 82 28
173 128 10
321 320 19
89 12 5
80 31 27
228 119 17
230 190 2
48 155 31
316 153 18
345 50 9
267 227 15
89 112 21
381 56 25
69 74 21
200 147 15
187 362 17
26 131 29
291 233 16
267 233 15
16 355 30
304 344 -1
126 166 24
195 4 22
259 194 31
14 307 11
319 169 21
239 206 18
366 128 8
179 368 15
370 284 16
77 37 15
155 246 9
284 124 26
321 23 37
59 325 27
357 396 22
310 333 17
24 203 34
60 27 22
234 227 15
137 257 14
290 371 23
1 179 11
90 199 33
149 245 13
115 156 20
108 18 22
67 104 17
147 250 29
247 253 14
230 271 26
66 309 25
307 372 22
398 118 26
334 317 8
150 259 17
310 4 15
187 0 21
97 157 19
199 182 11
163 221 24
349 220 9
343 108 7
188 47 19
205 25 23
228 127 16
110 162 28
167 316 19
358 382 5
48 298 30
356 78 15
91 202 23
213 392 18
177 305 27
106 272 28
127 121 19
241 374 13
287 205 16
265 379 11
94 21 25
75 271 20
79 89 29
270 88 21
273 394 24
82 111 25
95 364 31
161 31 22
30 198 14
162 308 21
10 111 18
114 61 42
366 258 36
170 59 20
379 250 14
286 335 11
172 38 3
154 207 36
218 310 28
373 265 22
239 397 18
336 126 21
212 78 24
369 244 34
8 65 6
304 261 31
154 101 22
2 72 14
99 345 26
258 121 22
310 33 21
57 133 17
233 155 30
71 212 14
49 223 23
300 257 17
16 99 28
338 257 8
378 396 14
300 291 18
99 286 10
166 70 19
61 331 2
47 192 27
57 77 27
171 53 14
245 162 10
178 292 19
278 14 5
312 233 18
90 311 21
263 370 21
247 182 33
314 375 20
319 232 20
6 147 9
16 178 28
105 279 26
135 159 23
37 354 11
286 290 13
264 201 23
298 192 40
328 45 25
209 166 17
127 220 10
306 273 13
238 256 23
260 210 23
389 227 19
364 124 25
329 370 14
374 4 27
349 77 8
73 336 13
59 244 24
339 298 26
294 109 25
289 379 19
365 349 17
68 161 32
255 137 25
71 89 10
186 52 13
14 199 20
374 253 18
6 207 17
324 145 30
95 339 10
341 365 17
341 148 25
395 297 23
51 331 15
192 95 34
283 269 5
178 263 26
153 322 21
171 316 23
19 388 17
379 298 25
72 189 22
272 158 14
140 100 10
76 4 10
33 19 27
108 164 16
313 353 11
352 249 25
278 221 20
82 140 26
89 83 28
68 212 12
350 316 10
266 311 17
343 278 1
141 123 23
140 233 20
214 334 14
213 55 5
285 251 16
42 292 15
355 112 18
56 351 27
71 344 26
248 197 11
263 382 23
82 113 22
83 110 26
35 222 21
40 357 1
183 58 16
238 67 27
369 323 13
307 348 12
341 164 25
167 153 15
277 343 9
244 199 31
200 95 28
199 219 19
310 251 21
397 81 15
145 15 17
93 70 3
67 158 38
135 378 12
70 297 1
344 171 19
259 295 7
350 2 14
387 285 22
189 230 27
246 160 23
323 190 17
2 325 16
1 246 32
97 239 33
24 240 24
127 279 20
138 153 18
263 113 23
44 76 16
363 334 11
77 86 7
63 282 11
37 239 32
169 246 17
107 15 22
144 104 12
39 359 31
163 296 20
60 113 6
267 85 8
304 395 17
229 270 34
43 159 25
122 249 15
